0.0005 1 2 33.6257
0.0005 1 3 34.2788
0.0021 1 2 33.6257
0.0021 1 3 34.2788
0.0037 1 2 33.6257
0.0037 1 3 34.2788
0.0053 1 2 33.6257
0.0053 1 3 34.2788
0.0069 1 2 33.6257
0.0069 1 3 34.2788
0.0085 1 2 33.6257
0.0085 1 3 34.2788
0.0101 1 2 33.6257
0.0101 1 3 34.2788
0.0117 1 2 33.6257
0.0117 1 3 34.2788
0.0133 1 2 33.6257
0.0133 1 3 34.2788
0.0149 1 2 33.6257
0.0149 1 3 34.2788
0.0165 1 2 33.6257
0.0165 1 3 34.2788
0.0181 1 2 33.6257
0.0181 1 3 34.2788
0.0197 1 2 33.6257
0.0197 1 3 34.2788
0.0213 1 2 33.6257
0.0213 1 3 34.2788
0.0229 1 2 33.6257
0.0229 1 3 34.2788
0.0245 1 2 33.6257
0.0245 1 3 34.2788
0.0261 1 2 33.6257
0.0261 1 3 34.2788
0.0277 1 2 33.6257
0.0277 1 3 34.2788
0.0293 1 2 33.6257
0.0293 1 3 34.2788
0.0309 1 2 33.6257
0.0309 1 3 34.2788
0.0325 1 2 33.6257
0.0325 1 3 34.2788
0.0341 1 2 33.6257
0.0341 1 3 34.2788
0.0357 1 2 33.6257
0.0357 1 3 34.2788
0.0373 1 2 33.6257
0.0373 1 3 34.2788
0.0389 1 2 33.6257
0.0389 1 3 34.2788
0.0405 1 2 33.6257
0.0405 1 3 34.2788
0.0421 1 2 33.6257
0.0421 1 3 34.2788
0.0437 1 2 33.6257
0.0437 1 3 34.2788
0.0453 1 2 33.6257
0.0453 1 3 34.2788
0.0469 1 2 33.6257
0.0469 1 3 34.2788
0.0485 1 2 33.6257
0.0485 1 3 34.2788
0.0501 1 2 33.6257
0.0501 1 3 34.2788
0.0517 1 2 33.6257
0.0517 1 3 34.2788
0.0533 1 2 33.6257
0.0533 1 3 34.2788
0.0549 1 2 33.6257
0.0549 1 3 34.2788
0.0565 1 2 33.6257
0.0565 1 3 34.2788
0.0581 1 2 33.6257
0.0581 1 3 34.2788
0.0597 1 2 33.6257
0.0597 1 3 34.2788
0.0613 1 2 33.6257
0.0613 1 3 34.2788
0.0629 1 2 33.6257
0.0629 1 3 34.2788
0.0645 1 2 33.6257
0.0645 1 3 34.2788
0.0661 1 2 33.6257
0.0661 1 3 34.2788
0.0677 1 2 33.6257
0.0677 1 3 34.2788
0.0693 1 2 33.6257
0.0693 1 3 34.2788
0.0709 1 2 33.6257
0.0709 1 3 34.2788
0.0725 1 2 33.6257
0.0725 1 3 34.2788
0.0741 1 2 33.6257
0.0741 1 3 34.2788
0.0757 1 2 33.6257
0.0757 1 3 34.2788
0.0773 1 2 33.6257
0.0773 1 3 34.2788
0.0789 1 2 33.6257
0.0789 1 3 34.2788
0.0805 1 2 33.6257
0.0805 1 3 34.2788
0.0821 1 2 33.6257
0.0821 1 3 34.2788
0.0837 1 2 33.6257
0.0837 1 3 34.2788
0.0853 1 2 33.6257
0.0853 1 3 34.2788
0.0869 1 2 33.6257
0.0869 1 3 34.2788
0.0885 1 2 33.6257
0.0885 1 3 34.2788
0.0901 1 2 33.6257
0.0901 1 3 34.2788
0.0917 1 2 33.6257
0.0917 1 3 34.2788
0.0933 1 2 33.6257
0.0933 1 3 34.2788
0.0949 1 2 33.6257
0.0949 1 3 34.2788
0.0965 1 2 33.6257
0.0965 1 3 34.2788
0.0981 1 2 33.6257
0.0981 1 3 34.2788
0.0997 1 2 33.6257
0.0997 1 3 34.2788
0.1013 1 2 33.6257
0.1013 1 3 34.2788
0.1029 1 2 33.6257
0.1029 1 3 34.2788
0.1045 1 2 33.6257
0.1045 1 3 34.2788
0.1061 1 2 33.6257
0.1061 1 3 34.2788
0.1077 1 2 33.6257
0.1077 1 3 34.2788
0.1093 1 2 33.6257
0.1093 1 3 34.2788
0.1109 1 2 33.6257
0.1109 1 3 34.2788
0.1125 1 2 33.6257
0.1125 1 3 34.2788
0.1141 1 2 33.6257
0.1141 1 3 34.2788
0.1157 1 2 33.6257
0.1157 1 3 34.2788
0.1173 1 2 33.6257
0.1173 1 3 34.2788
0.1189 1 2 33.6257
0.1189 1 3 34.2788
0.1205 1 2 33.6257
0.1205 1 3 34.2788
0.1221 1 2 33.6257
0.1221 1 3 34.2788
0.1237 1 2 33.6257
0.1237 1 3 34.2788
0.1253 1 2 33.6257
0.1253 1 3 34.2788
0.1269 1 2 33.6257
0.1269 1 3 34.2788
0.1285 1 2 33.6257
0.1285 1 3 34.2788
0.1301 1 2 33.6257
0.1301 1 3 34.2788
0.1317 1 2 33.6257
0.1317 1 3 34.2788
0.1333 1 2 33.6257
0.1333 1 3 34.2788
0.1349 1 2 33.6257
0.1349 1 3 34.2788
0.1365 1 2 33.6257
0.1365 1 3 34.2788
0.1381 1 2 33.6257
0.1381 1 3 34.2788
0.1397 1 2 33.6257
0.1397 1 3 34.2788
0.1413 1 2 33.6257
0.1413 1 3 34.2788
0.1429 1 2 33.6257
0.1429 1 3 34.2788
0.1445 1 2 33.6257
0.1445 1 3 34.2788
0.1461 1 2 33.6257
0.1461 1 3 34.2788
0.1477 1 2 33.6257
0.1477 1 3 34.2788
0.1493 1 2 33.6257
0.1493 1 3 34.2788
0.1509 1 2 33.6257
0.1509 1 3 34.2788
0.1525 1 2 33.6257
0.1525 1 3 34.2788
0.1541 1 2 33.6257
0.1541 1 3 34.2788
0.1557 1 2 33.6257
0.1557 1 3 34.2788
0.1573 1 2 33.6257
0.1573 1 3 34.2788
0.1589 1 2 33.6257
0.1589 1 3 34.2788
0.1605 1 2 33.6257
0.1605 1 3 34.2788
0.1621 1 2 33.6257
0.1621 1 3 34.2788
0.1637 1 2 33.6257
0.1637 1 3 34.2788
0.1653 1 2 33.6257
0.1653 1 3 34.2788
0.1669 1 2 33.6257
0.1669 1 3 34.2788
0.1685 1 2 33.6257
0.1685 1 3 34.2788
0.1701 1 2 33.6257
0.1701 1 3 34.2788
0.1717 1 2 33.6257
0.1717 1 3 34.2788
0.1733 1 2 33.6257
0.1733 1 3 34.2788
0.1749 1 2 33.6257
0.1749 1 3 34.2788
0.1765 1 2 33.6257
0.1765 1 3 34.2788
0.1781 1 2 33.6257
0.1781 1 3 34.2788
0.1797 1 2 33.6257
0.1797 1 3 34.2788
0.1813 1 2 33.6257
0.1813 1 3 34.2788
0.1829 1 2 33.6257
0.1829 1 3 34.2788
0.1845 1 2 33.6257
0.1845 1 3 34.2788
0.1861 1 2 33.6257
0.1861 1 3 34.2788
0.1877 1 2 33.6257
0.1877 1 3 34.2788
0.1893 1 2 33.6257
0.1893 1 3 34.2788
0.1909 1 2 33.6257
0.1909 1 3 34.2788
0.1925 1 2 33.6257
0.1925 1 3 34.2788
0.1941 1 2 33.6257
0.1941 1 3 34.2788
0.1957 1 2 33.6257
0.1957 1 3 34.2788
0.1973 1 2 33.6257
0.1973 1 3 34.2788
0.1989 1 2 33.6257
0.1989 1 3 34.2788
0.2005 1 2 33.6257
0.2005 1 3 34.2788
0.2021 1 2 33.6257
0.2021 1 3 34.2788
0.2037 1 2 33.6257
0.2037 1 3 34.2788
0.2053 1 2 33.6257
0.2053 1 3 34.2788
0.2069 1 2 33.6257
0.2069 1 3 34.2788
0.2085 1 2 33.6257
0.2085 1 3 34.2788
0.2101 1 2 33.6257
0.2101 1 3 34.2788
0.2117 1 2 33.6257
0.2117 1 3 34.2788
0.2133 1 2 33.6257
0.2133 1 3 34.2788
0.2149 1 2 33.6257
0.2149 1 3 34.2788
0.2165 1 2 33.6257
0.2165 1 3 34.2788
0.2181 1 2 33.6257
0.2181 1 3 34.2788
0.2197 1 2 33.6257
0.2197 1 3 34.2788
0.2213 1 2 33.6257
0.2213 1 3 34.2788
0.2229 1 2 33.6257
0.2229 1 3 34.2788
0.2245 1 2 33.6257
0.2245 1 3 34.2788
0.2261 1 2 33.6257
0.2261 1 3 34.2788
0.2277 1 2 33.6257
0.2277 1 3 34.2788
0.2293 1 2 33.6257
0.2293 1 3 34.2788
0.2309 1 2 33.6257
0.2309 1 3 34.2788
0.2325 1 2 33.6257
0.2325 1 3 34.2788
0.2341 1 2 33.6257
0.2341 1 3 34.2788
0.2357 1 2 33.6257
0.2357 1 3 34.2788
0.2373 1 2 33.6257
0.2373 1 3 34.2788
0.2389 1 2 33.6257
0.2389 1 3 34.2788
0.2405 1 2 33.5596
0.2405 1 3 34.312
0.2421 1 2 33.521
0.2421 1 3 34.2875
0.2437 1 2 33.4338
0.2437 1 3 34.3791
0.2453 1 2 33.4348
0.2453 1 3 34.2626
0.2469 1 2 33.404
0.2469 1 3 34.3747
0.2485 1 2 33.3926
0.2485 1 3 34.3597
0.2501 1 2 33.3139
0.2501 1 3 34.1939
0.2517 1 2 33.2778
0.2517 1 3 34.094
0.2533 1 2 33.2227
0.2533 1 3 19.4942
0.2549 1 2 33.3111
0.2549 1 3 19.3931
0.2565 1 2 33.4775
0.2565 1 3 19.2495
0.2581 1 2 39.6577
0.2581 1 3 19.2269
0.2597 1 2 39.5752
0.2597 1 3 19.1303
0.2613 1 2 39.382
0.2613 1 3 19.175
0.2629 1 2 39.5284
0.2629 1 3 19.0786
0.2645 1 2 39.7625
0.2645 1 3 18.8718
0.2661 1 2 39.8038
0.2661 1 3 18.8738
0.2677 1 2 39.8884
0.2677 1 3 18.815
0.2693 1 2 39.8337
0.2693 1 3 18.8655
0.2709 1 2 39.9988
0.2709 1 3 18.7584
0.2725 1 2 40.0005
0.2725 1 3 18.7912
0.2741 1 2 40.0137
0.2741 1 3 18.9059
0.2757 1 2 39.8458
0.2757 1 3 18.9268
0.2773 1 2 39.7451
0.2773 1 3 18.8832
0.2789 1 2 39.7455
0.2789 1 3 18.7996
0.2805 1 2 39.71
0.2805 1 3 18.7427
0.2821 1 2 39.7884
0.2821 1 3 18.8626
0.2837 1 2 39.7758
0.2837 1 3 18.8366
0.2853 1 2 39.9274
0.2853 1 3 18.812
0.2869 1 2 39.913
0.2869 1 3 18.786
0.2885 1 2 39.7501
0.2885 1 3 18.8991
0.2901 1 2 39.7705
0.2901 1 3 18.958
0.2917 1 2 39.8273
0.2917 1 3 19.041
0.2933 1 2 39.8773
0.2933 1 3 19.0352
0.2949 1 2 39.7723
0.2949 1 3 18.9831
0.2965 1 2 39.7701
0.2965 1 3 19.1215
0.2981 1 2 39.7446
0.2981 1 3 19.201
0.2997 1 2 39.7905
0.2997 1 3 19.2056
0.3013 1 2 39.6629
0.3013 1 3 19.1839
0.3029 1 2 39.7308
0.3029 1 3 19.0679
0.3045 1 2 39.5812
0.3045 1 3 19.3005
0.3061 1 2 39.5228
0.3061 1 3 19.1511
0.3077 1 2 39.5803
0.3077 1 3 19.1642
0.3093 1 2 39.7881
0.3093 1 3 19.2397
0.3109 1 2 39.8502
0.3109 1 3 19.202
0.3125 1 2 39.9338
0.3125 1 3 18.9867
0.3141 1 2 39.9188
0.3141 1 3 18.9836
0.3157 1 2 40.002
0.3157 1 3 19.0546
0.3173 1 2 40.0666
0.3173 1 3 19.148
0.3189 1 2 40.1444
0.3189 1 3 19.3497
0.3205 1 2 40.1149
0.3205 1 3 19.263
0.3221 1 2 40.1871
0.3221 1 3 19.2491
0.3237 1 2 40.1127
0.3237 1 3 19.3539
0.3253 1 2 40.1991
0.3253 1 3 19.4394
0.3269 1 2 40.4151
0.3269 1 3 19.4856
0.3285 1 2 40.346
0.3285 1 3 19.4221
0.3301 1 2 40.4203
0.3301 1 3 19.3866
0.3317 1 2 40.6035
0.3317 1 3 19.3762
0.3333 1 2 40.5442
0.3333 1 3 19.6139
0.3349 1 2 40.5126
0.3349 1 3 19.7777
0.3365 1 2 40.4268
0.3365 1 3 19.8066
0.3381 1 2 40.3989
0.3381 1 3 19.7859
0.3397 1 2 40.4171
0.3397 1 3 19.8732
0.3413 1 2 40.484
0.3413 1 3 19.9629
0.3429 1 2 40.4981
0.3429 1 3 19.9528
0.3445 1 2 40.4858
0.3445 1 3 19.9443
0.3461 1 2 40.5142
0.3461 1 3 20.0996
0.3477 1 2 40.6098
0.3477 1 3 20.1398
0.3493 1 2 40.6601
0.3493 1 3 20.1716
0.3509 1 2 40.625
0.3509 1 3 20.2417
0.3525 1 2 40.7002
0.3525 1 3 20.3689
0.3541 1 2 40.8746
0.3541 1 3 20.1648
0.3557 1 2 40.8854
0.3557 1 3 20.1794
0.3573 1 2 40.6824
0.3573 1 3 20.1045
0.3589 1 2 41.8267
0.3589 1 3 20.0025
0.3605 1 2 41.6393
0.3605 1 3 19.8511
0.3621 1 2 41.801
0.3621 1 3 19.8049
0.3637 1 2 41.835
0.3637 1 3 19.7486
0.3653 1 2 41.6749
0.3653 1 3 19.8428
0.3669 1 2 41.6344
0.3669 1 3 19.9411
0.3685 1 2 41.5772
0.3685 1 3 20.0715
0.3701 1 2 41.5466
0.3701 1 3 20.0127
0.3717 1 2 41.5917
0.3717 1 3 20.0799
0.3733 1 2 41.4945
0.3733 1 3 20.0978
0.3749 1 2 41.4079
0.3749 1 3 20.2664
0.3765 1 2 41.4254
0.3765 1 3 20.1668
0.3781 1 2 41.4341
0.3781 1 3 19.962
0.3797 1 2 41.4775
0.3797 1 3 19.8803
0.3813 1 2 41.3175
0.3813 1 3 19.8466
0.3829 1 2 41.241
0.3829 1 3 19.8409
0.3845 1 2 41.2052
0.3845 1 3 19.9808
0.3861 1 2 41.1479
0.3861 1 3 19.9377
0.3877 1 2 41.0129
0.3877 1 3 19.9512
0.3893 1 2 41.02
0.3893 1 3 20.0077
0.3909 1 2 41.0865
0.3909 1 3 19.9814
0.3925 1 2 41.118
0.3925 1 3 19.9946
0.3941 1 2 41.279
0.3941 1 3 20.1413
0.3957 1 2 41.4232
0.3957 1 3 20.017
0.3973 1 2 41.3235
0.3973 1 3 19.9586
0.3989 1 2 41.3253
0.3989 1 3 20.0535
0.4005 1 2 41.2265
0.4005 1 3 20.1113
0.4021 1 2 41.149
0.4021 1 3 20.2794
0.4037 1 2 41.0986
0.4037 1 3 20.1557
0.4053 1 2 41.0496
0.4053 1 3 20.0604
0.4069 1 2 40.987
0.4069 1 3 19.9985
0.4085 1 2 40.9291
0.4085 1 3 20.1014
0.4101 1 2 41.0264
0.4101 1 3 20.0001
0.4117 1 2 40.9263
0.4117 1 3 19.9207
0.4133 1 2 40.8751
0.4133 1 3 19.9161
0.4149 1 2 40.8361
0.4149 1 3 19.8393
0.4165 1 2 40.8687
0.4165 1 3 19.7738
0.4181 1 2 40.87
0.4181 1 3 19.6584
0.4197 1 2 41.0032
0.4197 1 3 19.6201
0.4213 1 2 40.845
0.4213 1 3 19.5642
0.4229 1 2 40.7211
0.4229 1 3 19.584
0.4245 1 2 40.6714
0.4245 1 3 19.5659
0.4261 1 2 40.6687
0.4261 1 3 19.561
0.4277 1 2 40.7444
0.4277 1 3 19.5846
0.4293 1 2 40.6967
0.4293 1 3 19.6246
0.4309 1 2 40.7955
0.4309 1 3 19.7148
0.4325 1 2 40.6877
0.4325 1 3 19.6985
0.4341 1 2 40.7056
0.4341 1 3 19.7147
0.4357 1 2 40.5935
0.4357 1 3 19.6688
0.4373 1 2 40.6241
0.4373 1 3 19.8811
0.4389 1 2 40.6594
0.4389 1 3 19.8439
0.4405 1 2 40.5888
0.4405 1 3 19.8129
0.4421 1 2 40.5101
0.4421 1 3 19.7843
0.4437 1 2 40.4517
0.4437 1 3 19.8183
0.4453 1 2 40.2625
0.4453 1 3 19.5863
0.4469 1 2 40.2627
0.4469 1 3 19.6017
0.4485 1 2 40.1292
0.4485 1 3 19.6944
0.4501 1 2 40.016
0.4501 1 3 19.5673
0.4517 1 2 39.9798
0.4517 1 3 19.6112
0.4533 1 2 39.8913
0.4533 1 3 19.4708
0.4549 1 2 39.8019
0.4549 1 3 19.3075
0.4565 1 2 39.7141
0.4565 1 3 19.3924
0.4581 1 2 38.0561
0.4581 1 3 19.3992
0.4597 1 2 38.1651
0.4597 1 3 19.438
0.4613 1 2 38.1376
0.4613 1 3 19.4406
0.4629 1 2 38.0498
0.4629 1 3 19.5197
0.4645 1 2 38.1475
0.4645 1 3 19.3446
0.4661 1 2 38.0803
0.4661 1 3 19.1622
0.4677 1 2 38.1549
0.4677 1 3 19.1001
0.4693 1 2 38.0868
0.4693 1 3 19.0494
0.4709 1 2 38.1183
0.4709 1 3 19.0226
0.4725 1 2 38.1306
0.4725 1 3 19.0599
0.4741 1 2 38.2263
0.4741 1 3 19.1382
0.4757 1 2 38.2344
0.4757 1 3 19.2105
0.4773 1 2 38.0689
0.4773 1 3 19.3672
0.4789 1 2 38.0813
0.4789 1 3 19.5434
0.4805 1 2 38.0951
0.4805 1 3 19.6438
0.4821 1 2 37.7806
0.4821 1 3 19.4337
0.4837 1 2 37.8636
0.4837 1 3 19.4504
0.4853 1 2 37.6392
0.4853 1 3 19.5254
0.4869 1 2 37.3907
0.4869 1 3 19.5191
0.4885 1 2 37.3708
0.4885 1 3 19.3862
0.4901 1 2 37.5159
0.4901 1 3 19.4219
0.4917 1 2 37.6698
0.4917 1 3 19.3369
0.4933 1 2 37.4352
0.4933 1 3 19.0363
0.4949 1 2 37.4684
0.4949 1 3 18.8829
0.4965 1 2 37.4554
0.4965 1 3 18.7594
0.4981 1 2 37.334
0.4981 1 3 18.685
0.4997 1 2 37.3012
0.4997 1 3 18.4547
0.5013 1 2 37.2373
0.5013 1 3 18.3573
0.5029 1 2 37.3371
0.5029 1 3 18.4286
0.5045 1 2 37.515
0.5045 1 3 18.3549
0.5061 1 2 37.4905
0.5061 1 3 18.4293
0.5077 1 2 37.4151
0.5077 1 3 18.3428
0.5093 1 2 37.4457
0.5093 1 3 18.3568
0.5109 1 2 37.4569
0.5109 1 3 18.2835
0.5125 1 2 37.5104
0.5125 1 3 18.275
0.5141 1 2 37.4463
0.5141 1 3 18.2245
0.5157 1 2 37.5407
0.5157 1 3 18.1602
0.5173 1 2 37.6493
0.5173 1 3 17.9626
0.5189 1 2 37.6305
0.5189 1 3 17.8764
0.5205 1 2 37.7184
0.5205 1 3 17.9361
0.5221 1 2 37.6675
0.5221 1 3 17.837
0.5237 1 2 37.7006
0.5237 1 3 17.7425
0.5253 1 2 37.4819
0.5253 1 3 17.687
0.5269 1 2 37.5085
0.5269 1 3 17.539
0.5285 1 2 37.5416
0.5285 1 3 17.7445
0.5301 1 2 37.6274
0.5301 1 3 17.6662
0.5317 1 2 37.6547
0.5317 1 3 17.9782
0.5333 1 2 37.578
0.5333 1 3 17.9571
0.5349 1 2 37.4808
0.5349 1 3 18.0588
0.5365 1 2 37.4303
0.5365 1 3 18.1964
0.5381 1 2 37.1954
0.5381 1 3 18.1764
0.5397 1 2 37.1954
0.5397 1 3 18.0973
0.5413 1 2 37.0284
0.5413 1 3 18.0611
0.5429 1 2 37.2216
0.5429 1 3 17.8108
0.5445 1 2 37.2399
0.5445 1 3 17.881
0.5461 1 2 37.1019
0.5461 1 3 17.9205
0.5477 1 2 37.2019
0.5477 1 3 17.7524
0.5493 1 2 37.045
0.5493 1 3 17.5672
0.5509 1 2 37.2843
0.5509 1 3 17.5467
0.5525 1 2 37.3753
0.5525 1 3 17.618
0.5541 1 2 37.2795
0.5541 1 3 17.5117
0.5557 1 2 37.2135
0.5557 1 3 17.5139
0.5573 1 2 37.1315
0.5573 1 3 17.4484
0.5589 1 2 38.7113
0.5589 1 3 17.5211
0.5605 1 2 38.5837
0.5605 1 3 17.5346
0.5621 1 2 38.513
0.5621 1 3 17.6661
0.5637 1 2 38.5941
0.5637 1 3 17.6375
0.5653 1 2 38.4827
0.5653 1 3 17.6731
0.5669 1 2 38.5894
0.5669 1 3 17.5812
0.5685 1 2 38.6587
0.5685 1 3 17.5365
0.5701 1 2 38.6872
0.5701 1 3 17.4329
0.5717 1 2 38.5346
0.5717 1 3 17.4508
0.5733 1 2 38.4865
0.5733 1 3 17.4404
0.5749 1 2 38.6145
0.5749 1 3 17.411
0.5765 1 2 38.3967
0.5765 1 3 17.7266
0.5781 1 2 38.5373
0.5781 1 3 17.688
0.5797 1 2 38.6766
0.5797 1 3 17.4874
0.5813 1 2 38.5581
0.5813 1 3 17.5536
0.5829 1 2 38.5605
0.5829 1 3 17.7056
0.5845 1 2 38.5525
0.5845 1 3 17.5701
0.5861 1 2 38.6529
0.5861 1 3 17.6076
0.5877 1 2 38.6631
0.5877 1 3 17.79
0.5893 1 2 38.4726
0.5893 1 3 17.8955
0.5909 1 2 38.6525
0.5909 1 3 17.9152
0.5925 1 2 38.6302
0.5925 1 3 17.8308
0.5941 1 2 38.6301
0.5941 1 3 17.7068
0.5957 1 2 38.8446
0.5957 1 3 17.7959
0.5973 1 2 38.7171
0.5973 1 3 17.785
0.5989 1 2 38.8531
0.5989 1 3 17.724
0.6005 1 2 38.7155
0.6005 1 3 17.7722
0.6021 1 2 38.7846
0.6021 1 3 17.759
0.6037 1 2 38.8416
0.6037 1 3 17.7232
0.6053 1 2 38.8641
0.6053 1 3 17.5703
0.6069 1 2 38.9915
0.6069 1 3 17.4512
0.6085 1 2 38.6097
0.6085 1 3 17.396
0.6101 1 2 38.4335
0.6101 1 3 17.4435
0.6117 1 2 38.4385
0.6117 1 3 17.4171
0.6133 1 2 38.2414
0.6133 1 3 17.3969
0.6149 1 2 38.1859
0.6149 1 3 17.4195
0.6165 1 2 38.274
0.6165 1 3 17.4717
0.6181 1 2 38.2207
0.6181 1 3 17.5301
0.6197 1 2 38.1174
0.6197 1 3 17.582
0.6213 1 2 37.9937
0.6213 1 3 17.5548
0.6229 1 2 38.1164
0.6229 1 3 17.541
0.6245 1 2 38.2056
0.6245 1 3 17.5077
0.6261 1 2 38.2253
0.6261 1 3 17.5005
0.6277 1 2 38.5425
0.6277 1 3 17.4365
0.6293 1 2 38.3621
0.6293 1 3 17.4838
0.6309 1 2 38.4702
0.6309 1 3 17.4897
0.6325 1 2 38.5293
0.6325 1 3 17.6853
0.6341 1 2 38.6033
0.6341 1 3 17.6331
0.6357 1 2 38.6762
0.6357 1 3 17.7412
0.6373 1 2 38.533
0.6373 1 3 17.8941
0.6389 1 2 38.6372
0.6389 1 3 17.999
0.6405 1 2 38.7379
0.6405 1 3 18.0354
0.6421 1 2 38.9851
0.6421 1 3 17.9417
0.6437 1 2 39.1042
0.6437 1 3 18.1019
0.6453 1 2 39.0633
0.6453 1 3 17.9426
0.6469 1 2 39.1876
0.6469 1 3 18.0367
0.6485 1 2 38.9967
0.6485 1 3 18.0406
0.6501 1 2 39.0678
0.6501 1 3 18.1334
0.6517 1 2 39.0246
0.6517 1 3 18.1099
0.6533 1 2 38.9443
0.6533 1 3 18.0678
0.6549 1 2 38.9899
0.6549 1 3 17.9834
0.6565 1 2 38.9363
0.6565 1 3 18.0231
0.6581 1 2 37.924
0.6581 1 3 17.8614
0.6597 1 2 38.0712
0.6597 1 3 17.5704
0.6613 1 2 37.9449
0.6613 1 3 17.4347
0.6629 1 2 37.8872
0.6629 1 3 17.4345
0.6645 1 2 37.9566
0.6645 1 3 17.5959
0.6661 1 2 38.0723
0.6661 1 3 17.4923
0.6677 1 2 38.2043
0.6677 1 3 17.6222
0.6693 1 2 37.987
0.6693 1 3 17.78
0.6709 1 2 38.0183
0.6709 1 3 17.7285
0.6725 1 2 38.0189
0.6725 1 3 17.7418
0.6741 1 2 38.1122
0.6741 1 3 17.7586
0.6757 1 2 38.0947
0.6757 1 3 17.9207
0.6773 1 2 37.8737
0.6773 1 3 18.0244
0.6789 1 2 37.8213
0.6789 1 3 18.1269
0.6805 1 2 37.7483
0.6805 1 3 18.076
0.6821 1 2 37.8203
0.6821 1 3 18.2033
0.6837 1 2 37.951
0.6837 1 3 18.1779
0.6853 1 2 37.7423
0.6853 1 3 18.0977
0.6869 1 2 37.8148
0.6869 1 3 18.2539
0.6885 1 2 37.587
0.6885 1 3 18.286
0.6901 1 2 37.6122
0.6901 1 3 18.3477
0.6917 1 2 37.7801
0.6917 1 3 18.3472
0.6933 1 2 37.6143
0.6933 1 3 18.2764
0.6949 1 2 37.5744
0.6949 1 3 18.2213
0.6965 1 2 37.4754
0.6965 1 3 18.2124
0.6981 1 2 37.538
0.6981 1 3 17.984
0.6997 1 2 37.4854
0.6997 1 3 17.7455
0.7013 1 2 37.5383
0.7013 1 3 17.6394
0.7029 1 2 37.6537
0.7029 1 3 17.535
0.7045 1 2 37.3572
0.7045 1 3 17.5907
0.7061 1 2 37.145
0.7061 1 3 17.4873
0.7077 1 2 37.2633
0.7077 1 3 17.3898
0.7093 1 2 37.2279
0.7093 1 3 17.2652
0.7109 1 2 37.2215
0.7109 1 3 17.2721
0.7125 1 2 37.2479
0.7125 1 3 17.2136
0.7141 1 2 37.0698
0.7141 1 3 17.1795
0.7157 1 2 37.0518
0.7157 1 3 17.1672
0.7173 1 2 36.8877
0.7173 1 3 17.3281
0.7189 1 2 36.8785
0.7189 1 3 17.2222
0.7205 1 2 36.952
0.7205 1 3 17.3096
0.7221 1 2 36.7405
0.7221 1 3 17.4101
0.7237 1 2 36.8717
0.7237 1 3 17.4503
0.7253 1 2 36.8191
0.7253 1 3 17.6638
0.7269 1 2 36.8478
0.7269 1 3 17.5376
0.7285 1 2 36.9123
0.7285 1 3 17.7839
0.7301 1 2 36.8099
0.7301 1 3 17.9267
0.7317 1 2 36.9537
0.7317 1 3 18.0585
0.7333 1 2 36.9451
0.7333 1 3 18.2265
0.7349 1 2 37.0387
0.7349 1 3 18.2562
0.7365 1 2 37.031
0.7365 1 3 18.2153
0.7381 1 2 36.9256
0.7381 1 3 18.4321
0.7397 1 2 36.9144
0.7397 1 3 18.22
0.7413 1 2 37.1027
0.7413 1 3 18.2299
0.7429 1 2 37.0799
0.7429 1 3 18.0608
0.7445 1 2 37.131
0.7445 1 3 18.0134
0.7461 1 2 37.0783
0.7461 1 3 18.049
0.7477 1 2 37.1146
0.7477 1 3 17.9669
0.7493 1 2 37.069
0.7493 1 3 17.9052
0.7509 1 2 37.0385
0.7509 1 3 17.8261
0.7525 1 2 37.0827
0.7525 1 3 17.7266
0.7541 1 2 36.976
0.7541 1 3 17.7893
0.7557 1 2 37.0931
0.7557 1 3 17.7187
0.7573 1 2 37.1256
0.7573 1 3 17.7137
0.7589 1 2 37.8765
0.7589 1 3 17.7745
0.7605 1 2 37.6646
0.7605 1 3 17.8023
0.7621 1 2 37.771
0.7621 1 3 17.638
0.7637 1 2 38.0227
0.7637 1 3 17.5776
0.7653 1 2 38.0301
0.7653 1 3 17.6756
0.7669 1 2 38.1064
0.7669 1 3 17.7372
0.7685 1 2 38.1264
0.7685 1 3 17.59
0.7701 1 2 38.2884
0.7701 1 3 17.4999
0.7717 1 2 38.2131
0.7717 1 3 17.6655
0.7733 1 2 38.3823
0.7733 1 3 17.6662
0.7749 1 2 38.5029
0.7749 1 3 17.7265
0.7765 1 2 38.723
0.7765 1 3 17.7496
0.7781 1 2 38.6772
0.7781 1 3 17.6395
0.7797 1 2 38.7803
0.7797 1 3 17.6896
0.7813 1 2 38.8772
0.7813 1 3 17.7649
0.7829 1 2 38.8585
0.7829 1 3 17.7265
0.7845 1 2 38.9727
0.7845 1 3 17.7022
0.7861 1 2 39.0869
0.7861 1 3 17.5703
0.7877 1 2 39.1829
0.7877 1 3 17.3506
0.7893 1 2 39.1916
0.7893 1 3 17.3216
0.7909 1 2 39.1428
0.7909 1 3 17.5507
0.7925 1 2 39.1476
0.7925 1 3 17.7272
0.7941 1 2 39.147
0.7941 1 3 17.7056
0.7957 1 2 39.1523
0.7957 1 3 17.7021
0.7973 1 2 39.0926
0.7973 1 3 17.731
0.7989 1 2 38.9955
0.7989 1 3 17.6302
0.8005 1 2 38.9701
0.8005 1 3 17.6092
0.8021 1 2 38.7678
0.8021 1 3 17.6397
0.8037 1 2 38.8133
0.8037 1 3 17.5028
0.8053 1 2 38.7855
0.8053 1 3 17.5722
0.8069 1 2 38.9019
0.8069 1 3 17.5679
0.8085 1 2 38.7448
0.8085 1 3 17.6192
0.8101 1 2 38.813
0.8101 1 3 17.5498
0.8117 1 2 38.9995
0.8117 1 3 17.4726
0.8133 1 2 39.0751
0.8133 1 3 17.3687
0.8149 1 2 39.1002
0.8149 1 3 17.2632
0.8165 1 2 39.2492
0.8165 1 3 17.4162
0.8181 1 2 39.2101
0.8181 1 3 17.3588
0.8197 1 2 39.1528
0.8197 1 3 17.4129
0.8213 1 2 39.1613
0.8213 1 3 17.5232
0.8229 1 2 39.2717
0.8229 1 3 17.3438
0.8245 1 2 39.3641
0.8245 1 3 17.3386
0.8261 1 2 39.2925
0.8261 1 3 17.3953
0.8277 1 2 39.2349
0.8277 1 3 17.6543
0.8293 1 2 39.3806
0.8293 1 3 17.8776
0.8309 1 2 39.4163
0.8309 1 3 17.8454
0.8325 1 2 39.4281
0.8325 1 3 17.7035
0.8341 1 2 39.5942
0.8341 1 3 17.7484
0.8357 1 2 39.5731
0.8357 1 3 17.6098
0.8373 1 2 39.5875
0.8373 1 3 17.5214
0.8389 1 2 39.5342
0.8389 1 3 17.5728
0.8405 1 2 39.4539
0.8405 1 3 17.4712
0.8421 1 2 39.6116
0.8421 1 3 17.5005
0.8437 1 2 39.7042
0.8437 1 3 17.3879
0.8453 1 2 39.4919
0.8453 1 3 17.531
0.8469 1 2 39.4673
0.8469 1 3 17.567
0.8485 1 2 39.4388
0.8485 1 3 17.5516
0.8501 1 2 39.4768
0.8501 1 3 17.6439
0.8517 1 2 39.6083
0.8517 1 3 17.8599
0.8533 1 2 39.7727
0.8533 1 3 17.839
0.8549 1 2 39.7563
0.8549 1 3 17.9009
0.8565 1 2 39.6236
0.8565 1 3 18.088
0.8581 1 2 33.2359
0.8581 1 3 18.1074
0.8597 1 2 32.9758
0.8597 1 3 18.111
0.8613 1 2 33.4187
0.8613 1 3 18.0611
0.8629 1 2 33.2765
0.8629 1 3 17.943
0.8645 1 2 33.2189
0.8645 1 3 17.9686
0.8661 1 2 33.3999
0.8661 1 3 17.8425
0.8677 1 2 33.3241
0.8677 1 3 17.8037
0.8693 1 2 33.5296
0.8693 1 3 17.8687
0.8709 1 2 33.2456
0.8709 1 3 17.9248
0.8725 1 2 33.3099
0.8725 1 3 17.9107
0.8741 1 2 33.3601
0.8741 1 3 17.961
0.8757 1 2 33.182
0.8757 1 3 17.973
0.8773 1 2 33.1927
0.8773 1 3 18.0448
0.8789 1 2 32.9943
0.8789 1 3 17.9882
0.8805 1 2 33.16
0.8805 1 3 18.0836
0.8821 1 2 33.1592
0.8821 1 3 18.1599
0.8837 1 2 33.1339
0.8837 1 3 18.1515
0.8853 1 2 33.2793
0.8853 1 3 18.2319
0.8869 1 2 33.2706
0.8869 1 3 18.3434
0.8885 1 2 33.44
0.8885 1 3 18.3865
0.8901 1 2 33.6801
0.8901 1 3 18.4721
0.8917 1 2 33.4876
0.8917 1 3 18.4796
0.8933 1 2 33.5153
0.8933 1 3 18.3581
0.8949 1 2 33.4529
0.8949 1 3 18.3777
0.8965 1 2 33.4834
0.8965 1 3 18.3739
0.8981 1 2 33.667
0.8981 1 3 18.3734
0.8997 1 2 33.6951
0.8997 1 3 18.4731
0.9013 1 2 33.8682
0.9013 1 3 18.3821
0.9029 1 2 33.8584
0.9029 1 3 18.3475
0.9045 1 2 33.9333
0.9045 1 3 18.3573
0.9061 1 2 34.0361
0.9061 1 3 18.2732
0.9077 1 2 34.0314
0.9077 1 3 18.0841
0.9093 1 2 34.0594
0.9093 1 3 17.9128
0.9109 1 2 33.9973
0.9109 1 3 17.8959
0.9125 1 2 34.0933
0.9125 1 3 17.942
0.9141 1 2 34.2459
0.9141 1 3 17.8123
0.9157 1 2 34.1351
0.9157 1 3 17.8648
0.9173 1 2 34.197
0.9173 1 3 17.9229
0.9189 1 2 34.0849
0.9189 1 3 17.8338
0.9205 1 2 34.2278
0.9205 1 3 17.7611
0.9221 1 2 34.1193
0.9221 1 3 17.8118
0.9237 1 2 33.8688
0.9237 1 3 18.0004
0.9253 1 2 34.0726
0.9253 1 3 17.9138
0.9269 1 2 33.967
0.9269 1 3 18.195
0.9285 1 2 33.9853
0.9285 1 3 18.2151
0.9301 1 2 34.0752
0.9301 1 3 18.3381
0.9317 1 2 33.948
0.9317 1 3 18.3908
0.9333 1 2 34.144
0.9333 1 3 18.5135
0.9349 1 2 34.0012
0.9349 1 3 18.4091
0.9365 1 2 34.0035
0.9365 1 3 18.3891
0.9381 1 2 34.1412
0.9381 1 3 18.2525
0.9397 1 2 34.0138
0.9397 1 3 18.1575
0.9413 1 2 33.9963
0.9413 1 3 18.1568
0.9429 1 2 33.8608
0.9429 1 3 18.3801
0.9445 1 2 33.8739
0.9445 1 3 18.4764
0.9461 1 2 33.8364
0.9461 1 3 18.3778
0.9477 1 2 33.6578
0.9477 1 3 18.408
0.9493 1 2 33.8707
0.9493 1 3 18.4527
0.9509 1 2 33.8726
0.9509 1 3 18.6183
0.9525 1 2 33.7863
0.9525 1 3 18.5786
0.9541 1 2 33.8521
0.9541 1 3 18.6053
0.9557 1 2 33.7181
0.9557 1 3 18.4872
0.9573 1 2 33.7259
0.9573 1 3 18.4965
0.9589 1 2 39.719
0.9589 1 3 18.4879
0.9605 1 2 40.0839
0.9605 1 3 18.4903
0.9621 1 2 39.7699
0.9621 1 3 18.5625
0.9637 1 2 39.6569
0.9637 1 3 18.6681
0.9653 1 2 39.9284
0.9653 1 3 18.6509
0.9669 1 2 39.6083
0.9669 1 3 18.6715
0.9685 1 2 39.918
0.9685 1 3 18.6545
0.9701 1 2 39.8462
0.9701 1 3 18.7752
0.9717 1 2 39.7781
0.9717 1 3 18.8049
0.9733 1 2 40.06
0.9733 1 3 19.0101
0.9749 1 2 39.7034
0.9749 1 3 18.9284
0.9765 1 2 40.0437
0.9765 1 3 18.9045
0.9781 1 2 39.9511
0.9781 1 3 19.0578
0.9797 1 2 39.8203
0.9797 1 3 19.0416
0.9813 1 2 40.1617
0.9813 1 3 18.8922
0.9829 1 2 39.6888
0.9829 1 3 18.8954
0.9845 1 2 40.1175
0.9845 1 3 18.8723
0.9861 1 2 40.0036
0.9861 1 3 18.9217
0.9877 1 2 39.8458
0.9877 1 3 18.7256
0.9893 1 2 40.2383
0.9893 1 3 18.7421
0.9909 1 2 40.0153
0.9909 1 3 18.6041
0.9925 1 2 40.3493
0.9925 1 3 18.7574
0.9941 1 2 40.2385
0.9941 1 3 18.6675
0.9957 1 2 39.9668
0.9957 1 3 18.73
0.9973 1 2 40.1213
0.9973 1 3 18.7836
0.9989 1 2 39.6786
0.9989 1 3 18.8724
1.0005 1 2 39.6878
1.0005 1 3 18.8304
1.0021 1 2 39.5626
1.0021 1 3 18.7458
1.0037 1 2 39.519
1.0037 1 3 18.6659
1.0053 1 2 39.8038
1.0053 1 3 18.5281
1.0069 1 2 39.2216
1.0069 1 3 18.3726
1.0085 1 2 39.5409
1.0085 1 3 18.3069
1.0101 1 2 39.388
1.0101 1 3 18.2892
1.0117 1 2 39.1615
1.0117 1 3 18.1129
1.0133 1 2 39.5609
1.0133 1 3 18.0989
1.0149 1 2 39.16
1.0149 1 3 18.075
1.0165 1 2 39.5031
1.0165 1 3 18.0787
1.0181 1 2 39.4419
1.0181 1 3 18.196
1.0197 1 2 39.264
1.0197 1 3 18.2402
1.0213 1 2 39.5896
1.0213 1 3 18.3782
1.0229 1 2 38.99
1.0229 1 3 18.2548
1.0245 1 2 39.4025
1.0245 1 3 18.3264
1.0261 1 2 39.2842
1.0261 1 3 18.2698
1.0277 1 2 39.1033
1.0277 1 3 18.3272
1.0293 1 2 39.3389
1.0293 1 3 18.3333
1.0309 1 2 38.8523
1.0309 1 3 18.4417
1.0325 1 2 39.1949
1.0325 1 3 18.5373
1.0341 1 2 39.0058
1.0341 1 3 18.4463
1.0357 1 2 38.7803
1.0357 1 3 18.4447
1.0373 1 2 39.1209
1.0373 1 3 18.4663
1.0389 1 2 38.8607
1.0389 1 3 18.316
1.0405 1 2 39.1952
1.0405 1 3 18.2266
1.0421 1 2 39.0346
1.0421 1 3 18.1819
1.0437 1 2 38.7727
1.0437 1 3 18.1699
1.0453 1 2 39.0576
1.0453 1 3 18.1342
1.0469 1 2 38.7441
1.0469 1 3 18.0805
1.0485 1 2 39.0121
1.0485 1 3 18.0611
1.0501 1 2 38.9904
1.0501 1 3 18.0549
1.0517 1 2 38.702
1.0517 1 3 17.8805
1.0533 1 2 38.9573
1.0533 1 3 18.0116
1.0549 1 2 38.4937
1.0549 1 3 17.9059
1.0565 1 2 38.7088
1.0565 1 3 17.7977
1.0581 1 2 31.2292
1.0581 1 3 17.5622
1.0597 1 2 31.2455
1.0597 1 3 17.405
1.0613 1 2 31.2418
1.0613 1 3 17.4643
1.0629 1 2 31.0755
1.0629 1 3 17.4388
1.0645 1 2 31.2395
1.0645 1 3 17.4549
1.0661 1 2 31.0561
1.0661 1 3 17.4374
1.0677 1 2 30.6917
1.0677 1 3 17.3873
1.0693 1 2 30.7776
1.0693 1 3 17.4023
1.0709 1 2 30.649
1.0709 1 3 17.4468
1.0725 1 2 30.8425
1.0725 1 3 17.4165
1.0741 1 2 30.8686
1.0741 1 3 17.5639
1.0757 1 2 30.7574
1.0757 1 3 17.5609
1.0773 1 2 30.7165
1.0773 1 3 17.6407
1.0789 1 2 30.5153
1.0789 1 3 17.7084
1.0805 1 2 30.7857
1.0805 1 3 17.7595
1.0821 1 2 30.9104
1.0821 1 3 17.6925
1.0837 1 2 30.8967
1.0837 1 3 17.7035
1.0853 1 2 30.9691
1.0853 1 3 17.713
1.0869 1 2 31.0577
1.0869 1 3 17.7805
1.0885 1 2 30.9861
1.0885 1 3 18.022
1.0901 1 2 31.0291
1.0901 1 3 17.9797
1.0917 1 2 31.057
1.0917 1 3 17.9339
1.0933 1 2 31.0902
1.0933 1 3 17.9384
1.0949 1 2 31.0841
1.0949 1 3 17.9788
1.0965 1 2 31.1557
1.0965 1 3 17.8621
1.0981 1 2 31.1446
1.0981 1 3 17.9773
1.0997 1 2 31.2465
1.0997 1 3 17.9661
1.1013 1 2 31.3643
1.1013 1 3 17.9198
1.1029 1 2 31.3291
1.1029 1 3 17.8359
1.1045 1 2 31.2451
1.1045 1 3 17.9832
1.1061 1 2 31.4098
1.1061 1 3 17.9731
1.1077 1 2 31.513
1.1077 1 3 18.0382
1.1093 1 2 31.4988
1.1093 1 3 17.9698
1.1109 1 2 31.3922
1.1109 1 3 17.8243
1.1125 1 2 31.5427
1.1125 1 3 17.7644
1.1141 1 2 31.4896
1.1141 1 3 17.6528
1.1157 1 2 31.3387
1.1157 1 3 17.7165
1.1173 1 2 31.4193
1.1173 1 3 17.684
1.1189 1 2 31.3912
1.1189 1 3 17.5768
1.1205 1 2 31.5036
1.1205 1 3 17.6288
1.1221 1 2 31.5157
1.1221 1 3 17.6661
1.1237 1 2 31.4236
1.1237 1 3 17.612
1.1253 1 2 31.5329
1.1253 1 3 17.5851
1.1269 1 2 31.3269
1.1269 1 3 17.6696
1.1285 1 2 31.3338
1.1285 1 3 17.6216
1.1301 1 2 31.2746
1.1301 1 3 17.6433
1.1317 1 2 31.2959
1.1317 1 3 17.644
1.1333 1 2 31.346
1.1333 1 3 17.6017
1.1349 1 2 31.4377
1.1349 1 3 17.472
1.1365 1 2 31.6852
1.1365 1 3 17.3934
1.1381 1 2 31.7911
1.1381 1 3 17.4618
1.1397 1 2 31.5361
1.1397 1 3 17.4389
1.1413 1 2 31.5047
1.1413 1 3 17.4472
1.1429 1 2 31.3328
1.1429 1 3 17.556
1.1445 1 2 31.4927
1.1445 1 3 17.4413
1.1461 1 2 31.3454
1.1461 1 3 17.2996
1.1477 1 2 31.4802
1.1477 1 3 17.2387
1.1493 1 2 31.3844
1.1493 1 3 17.2751
1.1509 1 2 31.2561
1.1509 1 3 17.1617
1.1525 1 2 31.3284
1.1525 1 3 17.2492
1.1541 1 2 31.2246
1.1541 1 3 17.2142
1.1557 1 2 31.3466
1.1557 1 3 17.2841
1.1573 1 2 31.384
1.1573 1 3 17.4086
1.1589 1 2 28.2394
1.1589 1 3 17.3877
1.1605 1 2 28.1536
1.1605 1 3 17.2615
1.1621 1 2 28.1518
1.1621 1 3 17.1719
1.1637 1 2 28.1722
1.1637 1 3 17.2613
1.1653 1 2 28.2023
1.1653 1 3 17.3206
1.1669 1 2 28.216
1.1669 1 3 17.3341
1.1685 1 2 28.075
1.1685 1 3 17.2536
1.1701 1 2 28.0441
1.1701 1 3 17.1936
1.1717 1 2 28.0054
1.1717 1 3 17.2479
1.1733 1 2 28.1253
1.1733 1 3 17.3316
1.1749 1 2 28.1376
1.1749 1 3 17.381
1.1765 1 2 27.9035
1.1765 1 3 17.4599
1.1781 1 2 28.0185
1.1781 1 3 17.5372
1.1797 1 2 28.24
1.1797 1 3 17.5791
1.1813 1 2 28.382
1.1813 1 3 17.56
1.1829 1 2 28.3868
1.1829 1 3 17.6637
1.1845 1 2 28.2761
1.1845 1 3 17.7916
1.1861 1 2 28.4388
1.1861 1 3 17.6892
1.1877 1 2 28.3276
1.1877 1 3 17.6959
1.1893 1 2 28.2594
1.1893 1 3 17.5325
1.1909 1 2 28.5147
1.1909 1 3 17.4938
1.1925 1 2 28.5083
1.1925 1 3 17.4006
1.1941 1 2 28.4497
1.1941 1 3 17.2114
1.1957 1 2 28.6176
1.1957 1 3 17.064
1.1973 1 2 28.6675
1.1973 1 3 17.079
1.1989 1 2 28.8138
1.1989 1 3 17.0255
1.2005 1 2 28.7566
1.2005 1 3 16.9098
1.2021 1 2 28.7516
1.2021 1 3 16.8422
1.2037 1 2 28.5373
1.2037 1 3 16.8356
1.2053 1 2 28.4942
1.2053 1 3 16.7626
1.2069 1 2 28.4379
1.2069 1 3 16.7675
1.2085 1 2 28.3109
1.2085 1 3 16.6626
1.2101 1 2 28.4719
1.2101 1 3 16.6575
1.2117 1 2 28.7136
1.2117 1 3 16.5746
1.2133 1 2 28.6076
1.2133 1 3 16.642
1.2149 1 2 28.6043
1.2149 1 3 16.5886
1.2165 1 2 28.5494
1.2165 1 3 16.5789
1.2181 1 2 28.5282
1.2181 1 3 16.7621
1.2197 1 2 28.5836
1.2197 1 3 16.7471
1.2213 1 2 28.6701
1.2213 1 3 16.8398
1.2229 1 2 28.7148
1.2229 1 3 16.9386
1.2245 1 2 28.7279
1.2245 1 3 17.1072
1.2261 1 2 28.7552
1.2261 1 3 17.1044
1.2277 1 2 28.8237
1.2277 1 3 17.2854
1.2293 1 2 28.8459
1.2293 1 3 17.5929
1.2309 1 2 28.9278
1.2309 1 3 17.6794
1.2325 1 2 28.9145
1.2325 1 3 17.8609
1.2341 1 2 28.8518
1.2341 1 3 17.9929
1.2357 1 2 28.8391
1.2357 1 3 18.0275
1.2373 1 2 28.7594
1.2373 1 3 18.1142
1.2389 1 2 28.7664
1.2389 1 3 18.053
1.2405 1 2 28.8532
1.2405 1 3 17.9086
1.2421 1 2 29.0198
1.2421 1 3 17.9663
1.2437 1 2 29.0268
1.2437 1 3 17.8528
1.2453 1 2 29.0151
1.2453 1 3 17.6381
1.2469 1 2 29.1367
1.2469 1 3 17.6548
1.2485 1 2 29.1064
1.2485 1 3 17.5182
1.2501 1 2 29.0754
1.2501 1 3 17.4302
1.2517 1 2 29.0158
1.2517 1 3 17.4445
1.2533 1 2 29.0594
1.2533 1 3 17.5062
1.2549 1 2 28.9524
1.2549 1 3 17.3855
1.2565 1 2 28.8199
1.2565 1 3 17.2916
1.2581 1 2 39.7623
1.2581 1 3 17.2226
1.2597 1 2 39.8484
1.2597 1 3 17.0494
1.2613 1 2 39.6946
1.2613 1 3 16.8038
1.2629 1 2 39.8168
1.2629 1 3 16.8743
1.2645 1 2 39.7641
1.2645 1 3 16.9637
1.2661 1 2 39.7039
1.2661 1 3 16.8067
1.2677 1 2 39.5676
1.2677 1 3 16.9456
1.2693 1 2 39.4966
1.2693 1 3 17.1619
1.2709 1 2 39.6202
1.2709 1 3 17.1206
1.2725 1 2 39.5396
1.2725 1 3 16.9528
1.2741 1 2 39.646
1.2741 1 3 17.0291
1.2757 1 2 39.5339
1.2757 1 3 17.0855
1.2773 1 2 39.2737
1.2773 1 3 17.0526
1.2789 1 2 39.3737
1.2789 1 3 17.0883
1.2805 1 2 39.206
1.2805 1 3 16.9499
1.2821 1 2 39.3823
1.2821 1 3 17.1627
1.2837 1 2 39.3941
1.2837 1 3 17.3305
1.2853 1 2 39.4045
1.2853 1 3 17.2679
1.2869 1 2 39.5424
1.2869 1 3 17.26
1.2885 1 2 39.4959
1.2885 1 3 17.1166
1.2901 1 2 39.5329
1.2901 1 3 17.1225
1.2917 1 2 39.6448
1.2917 1 3 17.0413
1.2933 1 2 39.5158
1.2933 1 3 17.02
1.2949 1 2 39.5746
1.2949 1 3 16.9177
1.2965 1 2 39.5638
1.2965 1 3 16.9154
1.2981 1 2 39.5095
1.2981 1 3 16.9173
1.2997 1 2 39.4989
1.2997 1 3 16.8843
1.3013 1 2 39.6014
1.3013 1 3 16.8321
1.3029 1 2 39.4868
1.3029 1 3 16.8351
1.3045 1 2 39.4398
1.3045 1 3 16.8911
1.3061 1 2 39.4949
1.3061 1 3 16.9014
1.3077 1 2 39.4807
1.3077 1 3 16.8753
1.3093 1 2 39.3583
1.3093 1 3 16.9221
1.3109 1 2 39.4439
1.3109 1 3 16.8475
1.3125 1 2 39.2285
1.3125 1 3 16.7618
1.3141 1 2 39.3588
1.3141 1 3 16.7266
1.3157 1 2 39.1709
1.3157 1 3 16.6246
1.3173 1 2 39.3281
1.3173 1 3 16.8282
1.3189 1 2 39.3218
1.3189 1 3 16.787
1.3205 1 2 39.2384
1.3205 1 3 16.9443
1.3221 1 2 39.4527
1.3221 1 3 17.0442
1.3237 1 2 39.2909
1.3237 1 3 17.1383
1.3253 1 2 39.2474
1.3253 1 3 17.0018
1.3269 1 2 39.3716
1.3269 1 3 16.9388
1.3285 1 2 39.2386
1.3285 1 3 16.9597
1.3301 1 2 39.4475
1.3301 1 3 17.1314
1.3317 1 2 39.2582
1.3317 1 3 17.1103
1.3333 1 2 39.2573
1.3333 1 3 17.0285
1.3349 1 2 39.2395
1.3349 1 3 16.9851
1.3365 1 2 39.0452
1.3365 1 3 16.9392
1.3381 1 2 39.063
1.3381 1 3 17.1402
1.3397 1 2 39.006
1.3397 1 3 17.1386
1.3413 1 2 38.9329
1.3413 1 3 16.9897
1.3429 1 2 38.8648
1.3429 1 3 16.9412
1.3445 1 2 38.6784
1.3445 1 3 16.9388
1.3461 1 2 38.7512
1.3461 1 3 16.9304
1.3477 1 2 38.6047
1.3477 1 3 17.0067
1.3493 1 2 38.5117
1.3493 1 3 16.9299
1.3509 1 2 38.534
1.3509 1 3 17.0083
1.3525 1 2 38.5315
1.3525 1 3 16.9696
1.3541 1 2 38.5333
1.3541 1 3 16.9168
1.3557 1 2 38.4749
1.3557 1 3 16.9176
1.3573 1 2 38.5198
1.3573 1 3 16.7271
1.3589 1 2 38.0593
1.3589 1 3 16.6914
1.3605 1 2 37.8519
1.3605 1 3 16.7111
1.3621 1 2 37.7785
1.3621 1 3 16.8778
1.3637 1 2 37.6911
1.3637 1 3 16.93
1.3653 1 2 37.6756
1.3653 1 3 16.8288
1.3669 1 2 37.7974
1.3669 1 3 16.8196
1.3685 1 2 37.5926
1.3685 1 3 16.7265
1.3701 1 2 37.7422
1.3701 1 3 16.8487
1.3717 1 2 37.5394
1.3717 1 3 17.0203
1.3733 1 2 37.5981
1.3733 1 3 16.8784
1.3749 1 2 37.709
1.3749 1 3 16.8944
1.3765 1 2 37.5419
1.3765 1 3 16.7331
1.3781 1 2 37.5734
1.3781 1 3 16.7275
1.3797 1 2 37.5285
1.3797 1 3 16.6343
1.3813 1 2 37.6596
1.3813 1 3 16.6767
1.3829 1 2 37.8286
1.3829 1 3 16.5618
1.3845 1 2 37.7656
1.3845 1 3 16.6753
1.3861 1 2 37.9284
1.3861 1 3 16.7684
1.3877 1 2 38.0134
1.3877 1 3 16.7383
1.3893 1 2 37.9461
1.3893 1 3 16.7425
1.3909 1 2 38.0779
1.3909 1 3 16.7704
1.3925 1 2 37.9646
1.3925 1 3 16.8047
1.3941 1 2 38.0191
1.3941 1 3 16.6831
1.3957 1 2 37.9982
1.3957 1 3 16.7581
1.3973 1 2 37.7866
1.3973 1 3 16.7978
1.3989 1 2 37.8852
1.3989 1 3 16.9745
1.4005 1 2 37.7882
1.4005 1 3 16.9515
1.4021 1 2 37.8457
1.4021 1 3 17.12
1.4037 1 2 37.8007
1.4037 1 3 17.2264
1.4053 1 2 37.8719
1.4053 1 3 17.3182
1.4069 1 2 38.1845
1.4069 1 3 17.3672
1.4085 1 2 38.0446
1.4085 1 3 17.4817
1.4101 1 2 38.2783
1.4101 1 3 17.3512
1.4117 1 2 38.297
1.4117 1 3 17.2916
1.4133 1 2 38.1738
1.4133 1 3 17.2279
1.4149 1 2 38.2899
1.4149 1 3 17.1784
1.4165 1 2 37.9716
1.4165 1 3 17.1833
1.4181 1 2 38.04
1.4181 1 3 17.2972
1.4197 1 2 37.9833
1.4197 1 3 17.5023
1.4213 1 2 38.1034
1.4213 1 3 17.6305
1.4229 1 2 38.2612
1.4229 1 3 17.6996
1.4245 1 2 38.199
1.4245 1 3 17.5376
1.4261 1 2 38.2679
1.4261 1 3 17.6885
1.4277 1 2 38.4125
1.4277 1 3 17.6179
1.4293 1 2 38.1883
1.4293 1 3 17.5745
1.4309 1 2 38.3897
1.4309 1 3 17.5423
1.4325 1 2 38.277
1.4325 1 3 17.4106
1.4341 1 2 38.5465
1.4341 1 3 17.3768
1.4357 1 2 38.3973
1.4357 1 3 17.3759
1.4373 1 2 38.4247
1.4373 1 3 17.3134
1.4389 1 2 38.6772
1.4389 1 3 17.3586
1.4405 1 2 38.6636
1.4405 1 3 17.1532
1.4421 1 2 38.5893
1.4421 1 3 17.1241
1.4437 1 2 38.5002
1.4437 1 3 17.1618
1.4453 1 2 38.4414
1.4453 1 3 17.0393
1.4469 1 2 38.561
1.4469 1 3 17.1231
1.4485 1 2 38.3312
1.4485 1 3 17.2055
1.4501 1 2 38.444
1.4501 1 3 17.2044
1.4517 1 2 38.4011
1.4517 1 3 17.2064
1.4533 1 2 38.3933
1.4533 1 3 17.2206
1.4549 1 2 38.6496
1.4549 1 3 17.2886
1.4565 1 2 38.5183
1.4565 1 3 17.1902
1.4581 1 2 39.1173
1.4581 1 3 17.2425
1.4597 1 2 39.0861
1.4597 1 3 17.3349
1.4613 1 2 39.1433
1.4613 1 3 17.2771
1.4629 1 2 39.2593
1.4629 1 3 17.2003
1.4645 1 2 39.4269
1.4645 1 3 17.0093
1.4661 1 2 39.4305
1.4661 1 3 16.9949
1.4677 1 2 39.5193
1.4677 1 3 17.0307
1.4693 1 2 39.4987
1.4693 1 3 17.2802
1.4709 1 2 39.5012
1.4709 1 3 17.2495
1.4725 1 2 39.5537
1.4725 1 3 17.1848
1.4741 1 2 39.5587
1.4741 1 3 17.144
1.4757 1 2 39.6954
1.4757 1 3 17.2627
1.4773 1 2 39.6733
1.4773 1 3 17.1986
1.4789 1 2 39.4782
1.4789 1 3 16.9869
1.4805 1 2 39.4997
1.4805 1 3 16.9742
1.4821 1 2 39.5505
1.4821 1 3 16.9902
1.4837 1 2 39.5926
1.4837 1 3 17.0143
1.4853 1 2 39.603
1.4853 1 3 17.0767
1.4869 1 2 39.6114
1.4869 1 3 16.9245
1.4885 1 2 39.6053
1.4885 1 3 17.0986
1.4901 1 2 39.6707
1.4901 1 3 17.1743
1.4917 1 2 39.5571
1.4917 1 3 17.0377
1.4933 1 2 39.574
1.4933 1 3 17.004
1.4949 1 2 39.6011
1.4949 1 3 16.8758
1.4965 1 2 39.7865
1.4965 1 3 16.8579
1.4981 1 2 39.8786
1.4981 1 3 16.8622
1.4997 1 2 39.8442
1.4997 1 3 16.8099
1.5013 1 2 40.0098
1.5013 1 3 16.7668
1.5029 1 2 40.1228
1.5029 1 3 16.842
1.5045 1 2 40.1598
1.5045 1 3 16.8055
1.5061 1 2 40.0673
1.5061 1 3 16.8047
1.5077 1 2 39.9589
1.5077 1 3 16.9032
1.5093 1 2 39.9407
1.5093 1 3 16.8835
1.5109 1 2 39.9514
1.5109 1 3 16.8519
1.5125 1 2 40.0214
1.5125 1 3 17.0562
1.5141 1 2 40.0635
1.5141 1 3 16.8501
1.5157 1 2 40.1364
1.5157 1 3 16.9848
1.5173 1 2 40.0474
1.5173 1 3 17.0363
1.5189 1 2 39.9223
1.5189 1 3 17.0561
1.5205 1 2 39.8164
1.5205 1 3 17.1609
1.5221 1 2 39.7933
1.5221 1 3 17.1771
1.5237 1 2 39.8086
1.5237 1 3 17.1241
1.5253 1 2 39.6653
1.5253 1 3 17.2262
1.5269 1 2 39.718
1.5269 1 3 17.0994
1.5285 1 2 39.8189
1.5285 1 3 17.3214
1.5301 1 2 39.9781
1.5301 1 3 17.2659
1.5317 1 2 39.8969
1.5317 1 3 17.2174
1.5333 1 2 39.784
1.5333 1 3 17.1851
1.5349 1 2 39.6987
1.5349 1 3 17.3567
1.5365 1 2 39.7475
1.5365 1 3 17.4663
1.5381 1 2 39.5891
1.5381 1 3 17.5153
1.5397 1 2 39.4746
1.5397 1 3 17.6698
1.5413 1 2 39.5828
1.5413 1 3 17.6969
1.5429 1 2 39.727
1.5429 1 3 17.6617
1.5445 1 2 39.7459
1.5445 1 3 17.7144
1.5461 1 2 39.7521
1.5461 1 3 17.4506
1.5477 1 2 39.615
1.5477 1 3 17.4704
1.5493 1 2 39.7003
1.5493 1 3 17.5224
1.5509 1 2 39.7474
1.5509 1 3 17.4065
1.5525 1 2 39.8282
1.5525 1 3 17.2759
1.5541 1 2 39.8086
1.5541 1 3 17.3456
1.5557 1 2 39.7988
1.5557 1 3 17.4497
1.5573 1 2 39.673
1.5573 1 3 17.403
1.5589 1 2 39.1571
1.5589 1 3 17.3978
1.5605 1 2 39.3352
1.5605 1 3 17.34
1.5621 1 2 39.3584
1.5621 1 3 17.2666
1.5637 1 2 39.4577
1.5637 1 3 17.1458
1.5653 1 2 39.5119
1.5653 1 3 17.3643
1.5669 1 2 39.4348
1.5669 1 3 17.4404
1.5685 1 2 39.6636
1.5685 1 3 17.5984
1.5701 1 2 39.4729
1.5701 1 3 17.5169
1.5717 1 2 39.5742
1.5717 1 3 17.5256
1.5733 1 2 39.429
1.5733 1 3 17.6902
1.5749 1 2 39.1279
1.5749 1 3 17.5735
1.5765 1 2 39.1451
1.5765 1 3 17.6768
1.5781 1 2 39.2068
1.5781 1 3 17.6935
1.5797 1 2 39.4281
1.5797 1 3 17.7733
1.5813 1 2 39.3166
1.5813 1 3 17.7671
1.5829 1 2 39.173
1.5829 1 3 17.6438
1.5845 1 2 39.1849
1.5845 1 3 17.6542
1.5861 1 2 39.2544
1.5861 1 3 17.658
1.5877 1 2 39.3472
1.5877 1 3 17.6193
1.5893 1 2 39.3063
1.5893 1 3 17.52
1.5909 1 2 39.4632
1.5909 1 3 17.5986
1.5925 1 2 39.641
1.5925 1 3 17.5385
1.5941 1 2 39.6203
1.5941 1 3 17.4662
1.5957 1 2 39.6737
1.5957 1 3 17.3715
1.5973 1 2 39.7158
1.5973 1 3 17.1749
1.5989 1 2 39.8122
1.5989 1 3 17.1312
1.6005 1 2 39.769
1.6005 1 3 17.0288
1.6021 1 2 39.7343
1.6021 1 3 16.9934
1.6037 1 2 39.9383
1.6037 1 3 17.0601
1.6053 1 2 39.8804
1.6053 1 3 17.0487
1.6069 1 2 39.9346
1.6069 1 3 17.0453
1.6085 1 2 39.8888
1.6085 1 3 17.0352
1.6101 1 2 39.851
1.6101 1 3 17.0058
1.6117 1 2 39.9317
1.6117 1 3 16.9627
1.6133 1 2 39.9138
1.6133 1 3 17.1711
1.6149 1 2 39.9154
1.6149 1 3 17.1308
1.6165 1 2 39.8367
1.6165 1 3 17.1658
1.6181 1 2 39.6243
1.6181 1 3 17.3131
1.6197 1 2 39.4606
1.6197 1 3 17.4956
1.6213 1 2 39.4602
1.6213 1 3 17.5221
1.6229 1 2 39.4672
1.6229 1 3 17.4565
1.6245 1 2 39.5504
1.6245 1 3 17.4414
1.6261 1 2 39.521
1.6261 1 3 17.4793
1.6277 1 2 39.5336
1.6277 1 3 17.4749
1.6293 1 2 39.5769
1.6293 1 3 17.5093
1.6309 1 2 39.5373
1.6309 1 3 17.4688
1.6325 1 2 39.3307
1.6325 1 3 17.443
1.6341 1 2 39.3675
1.6341 1 3 17.3554
1.6357 1 2 39.366
1.6357 1 3 17.4309
1.6373 1 2 39.4331
1.6373 1 3 17.3371
1.6389 1 2 39.3629
1.6389 1 3 17.4389
1.6405 1 2 39.3842
1.6405 1 3 17.3806
1.6421 1 2 39.3186
1.6421 1 3 17.3997
1.6437 1 2 39.2923
1.6437 1 3 17.5902
1.6453 1 2 39.2486
1.6453 1 3 17.6111
1.6469 1 2 39.1673
1.6469 1 3 17.4607
1.6485 1 2 39.1574
1.6485 1 3 17.4958
1.6501 1 2 39.2705
1.6501 1 3 17.5031
1.6517 1 2 39.3308
1.6517 1 3 17.603
1.6533 1 2 39.2216
1.6533 1 3 17.4364
1.6549 1 2 39.4758
1.6549 1 3 17.2629
1.6565 1 2 39.4398
1.6565 1 3 17.3123
1.6581 1 2 39.4977
1.6581 1 3 17.4259
1.6597 1 2 39.5737
1.6597 1 3 17.4528
1.6613 1 2 39.6281
1.6613 1 3 17.4608
1.6629 1 2 39.5788
1.6629 1 3 17.4478
1.6645 1 2 39.6525
1.6645 1 3 17.4851
1.6661 1 2 39.7234
1.6661 1 3 17.5696
1.6677 1 2 39.5519
1.6677 1 3 17.6088
1.6693 1 2 39.5719
1.6693 1 3 17.6396
1.6709 1 2 39.6784
1.6709 1 3 17.5577
1.6725 1 2 39.7257
1.6725 1 3 17.6156
1.6741 1 2 39.6874
1.6741 1 3 17.8091
1.6757 1 2 39.7015
1.6757 1 3 17.685
1.6773 1 2 39.8797
1.6773 1 3 17.6694
1.6789 1 2 39.9126
1.6789 1 3 17.6101
1.6805 1 2 39.8841
1.6805 1 3 17.6387
1.6821 1 2 39.6318
1.6821 1 3 17.7991
1.6837 1 2 39.5259
1.6837 1 3 17.8003
1.6853 1 2 39.4919
1.6853 1 3 17.7599
1.6869 1 2 39.6423
1.6869 1 3 17.5972
1.6885 1 2 39.5184
1.6885 1 3 17.6424
1.6901 1 2 39.5935
1.6901 1 3 17.5991
1.6917 1 2 39.6711
1.6917 1 3 17.6494
1.6933 1 2 39.57
1.6933 1 3 17.4682
1.6949 1 2 39.7862
1.6949 1 3 17.3837
1.6965 1 2 39.7805
1.6965 1 3 17.3643
1.6981 1 2 39.8312
1.6981 1 3 17.3496
1.6997 1 2 39.8757
1.6997 1 3 17.3445
1.7013 1 2 39.9595
1.7013 1 3 17.3001
1.7029 1 2 40.0346
1.7029 1 3 17.3992
1.7045 1 2 40.0365
1.7045 1 3 17.2713
1.7061 1 2 40.0658
1.7061 1 3 17.2714
1.7077 1 2 40.1268
1.7077 1 3 17.3783
1.7093 1 2 40.2248
1.7093 1 3 17.4915
1.7109 1 2 40.1451
1.7109 1 3 17.5899
1.7125 1 2 40.1087
1.7125 1 3 17.5374
1.7141 1 2 40.016
1.7141 1 3 17.5734
1.7157 1 2 40.1565
1.7157 1 3 17.6488
1.7173 1 2 40.1405
1.7173 1 3 17.7311
1.7189 1 2 40.1572
1.7189 1 3 17.9714
1.7205 1 2 40.1474
1.7205 1 3 18.1161
1.7221 1 2 40.1624
1.7221 1 3 18.1416
1.7237 1 2 40.2492
1.7237 1 3 18.0464
1.7253 1 2 40.1079
1.7253 1 3 18.0427
1.7269 1 2 40.1582
1.7269 1 3 18.1125
1.7285 1 2 40.0323
1.7285 1 3 18.2484
1.7301 1 2 40.0493
1.7301 1 3 18.2025
1.7317 1 2 40.1361
1.7317 1 3 18.1841
1.7333 1 2 40.0297
1.7333 1 3 18.3139
1.7349 1 2 40.1278
1.7349 1 3 18.1231
1.7365 1 2 40.1832
1.7365 1 3 18.1989
1.7381 1 2 40.1576
1.7381 1 3 18.0601
1.7397 1 2 40.2071
1.7397 1 3 18.0511
1.7413 1 2 40.0944
1.7413 1 3 18.2047
1.7429 1 2 40.1948
1.7429 1 3 18.0982
1.7445 1 2 40.155
1.7445 1 3 17.7864
1.7461 1 2 40.2589
1.7461 1 3 17.7972
1.7477 1 2 40.2008
1.7477 1 3 17.6297
1.7493 1 2 40.152
1.7493 1 3 17.6408
1.7509 1 2 40.0774
1.7509 1 3 17.7199
1.7525 1 2 40.0538
1.7525 1 3 17.6251
1.7541 1 2 40.0172
1.7541 1 3 17.7611
1.7557 1 2 39.9766
1.7557 1 3 17.6543
1.7573 1 2 40.0641
1.7573 1 3 17.6685
1.7589 1 2 40.2135
1.7589 1 3 17.7051
1.7605 1 2 40.0769
1.7605 1 3 17.7513
1.7621 1 2 40.0879
1.7621 1 3 17.8821
1.7637 1 2 40.2091
1.7637 1 3 17.6735
1.7653 1 2 40.0261
1.7653 1 3 17.7337
1.7669 1 2 39.9962
1.7669 1 3 17.8409
1.7685 1 2 40.0667
1.7685 1 3 17.9336
1.7701 1 2 39.9856
1.7701 1 3 17.9446
1.7717 1 2 40.0173
1.7717 1 3 18.0427
1.7733 1 2 40.0785
1.7733 1 3 18.1799
1.7749 1 2 40.229
1.7749 1 3 18.3161
1.7765 1 2 40.2595
1.7765 1 3 18.2487
1.7781 1 2 40.2967
1.7781 1 3 18.1392
1.7797 1 2 40.574
1.7797 1 3 18.1929
1.7813 1 2 40.3648
1.7813 1 3 18.1408
1.7829 1 2 40.2403
1.7829 1 3 18.1906
1.7845 1 2 40.3723
1.7845 1 3 18.2073
1.7861 1 2 40.24
1.7861 1 3 18.2188
1.7877 1 2 40.2013
1.7877 1 3 18.1283
1.7893 1 2 40.2815
1.7893 1 3 18.1326
1.7909 1 2 40.2002
1.7909 1 3 18.1604
1.7925 1 2 40.252
1.7925 1 3 18.055
1.7941 1 2 40.3033
1.7941 1 3 17.9279
1.7957 1 2 40.3523
1.7957 1 3 17.8509
1.7973 1 2 40.4512
1.7973 1 3 17.6247
1.7989 1 2 40.3703
1.7989 1 3 17.627
1.8005 1 2 40.2887
1.8005 1 3 17.5634
1.8021 1 2 40.3268
1.8021 1 3 17.515
1.8037 1 2 40.3353
1.8037 1 3 17.5533
1.8053 1 2 40.4559
1.8053 1 3 17.5903
1.8069 1 2 40.3602
1.8069 1 3 17.6009
1.8085 1 2 40.4308
1.8085 1 3 17.8375
1.8101 1 2 40.3054
1.8101 1 3 18.017
1.8117 1 2 40.3539
1.8117 1 3 18.0286
1.8133 1 2 40.1211
1.8133 1 3 18.0047
1.8149 1 2 40.0513
1.8149 1 3 18.1209
1.8165 1 2 40.0625
1.8165 1 3 17.9286
1.8181 1 2 40.2495
1.8181 1 3 17.8828
1.8197 1 2 40.4779
1.8197 1 3 17.8241
1.8213 1 2 40.553
1.8213 1 3 17.6963
1.8229 1 2 40.7664
1.8229 1 3 17.686
1.8245 1 2 40.7566
1.8245 1 3 17.6259
1.8261 1 2 40.7234
1.8261 1 3 17.593
1.8277 1 2 40.6606
1.8277 1 3 17.4089
1.8293 1 2 40.4182
1.8293 1 3 17.4221
1.8309 1 2 40.6086
1.8309 1 3 17.2598
1.8325 1 2 40.52
1.8325 1 3 17.1457
1.8341 1 2 40.5274
1.8341 1 3 17.1765
1.8357 1 2 40.5175
1.8357 1 3 16.9731
1.8373 1 2 40.5168
1.8373 1 3 16.9352
1.8389 1 2 40.6318
1.8389 1 3 17.0488
1.8405 1 2 40.495
1.8405 1 3 17.0091
1.8421 1 2 40.5647
1.8421 1 3 16.9848
1.8437 1 2 40.6645
1.8437 1 3 17.0794
1.8453 1 2 40.5765
1.8453 1 3 16.9285
1.8469 1 2 40.6332
1.8469 1 3 16.7633
1.8485 1 2 40.6829
1.8485 1 3 16.8921
1.8501 1 2 40.6276
1.8501 1 3 16.8698
1.8517 1 2 40.6151
1.8517 1 3 16.8893
1.8533 1 2 40.7267
1.8533 1 3 16.9711
1.8549 1 2 40.6641
1.8549 1 3 16.7864
1.8565 1 2 40.4874
1.8565 1 3 16.8405
1.8581 1 2 40.7767
1.8581 1 3 16.887
1.8597 1 2 40.7206
1.8597 1 3 16.92
1.8613 1 2 40.7467
1.8613 1 3 16.896
1.8629 1 2 40.7528
1.8629 1 3 16.9651
1.8645 1 2 40.653
1.8645 1 3 16.9739
1.8661 1 2 40.6657
1.8661 1 3 17.0757
1.8677 1 2 40.5581
1.8677 1 3 17.1214
1.8693 1 2 40.4145
1.8693 1 3 17.4063
1.8709 1 2 40.5238
1.8709 1 3 17.4104
1.8725 1 2 40.5494
1.8725 1 3 17.4877
1.8741 1 2 40.5309
1.8741 1 3 17.6983
1.8757 1 2 40.4116
1.8757 1 3 17.6505
1.8773 1 2 40.3698
1.8773 1 3 17.6592
1.8789 1 2 40.2946
1.8789 1 3 17.6172
1.8805 1 2 40.4518
1.8805 1 3 17.7189
1.8821 1 2 40.6136
1.8821 1 3 17.5266
1.8837 1 2 40.5452
1.8837 1 3 17.2751
1.8853 1 2 40.6766
1.8853 1 3 17.275
1.8869 1 2 40.7535
1.8869 1 3 17.158
1.8885 1 2 40.6391
1.8885 1 3 17.0118
1.8901 1 2 40.5924
1.8901 1 3 17.0943
1.8917 1 2 40.5665
1.8917 1 3 16.9733
1.8933 1 2 40.6872
1.8933 1 3 16.9004
1.8949 1 2 40.7473
1.8949 1 3 16.9289
1.8965 1 2 40.9178
1.8965 1 3 16.8677
1.8981 1 2 40.7004
1.8981 1 3 16.8392
1.8997 1 2 40.6951
1.8997 1 3 16.7014
1.9013 1 2 40.6249
1.9013 1 3 16.607
1.9029 1 2 40.7493
1.9029 1 3 16.3935
1.9045 1 2 40.6854
1.9045 1 3 16.3819
1.9061 1 2 40.6526
1.9061 1 3 16.3622
1.9077 1 2 40.8159
1.9077 1 3 16.3967
1.9093 1 2 40.7505
1.9093 1 3 16.4782
1.9109 1 2 40.7561
1.9109 1 3 16.5897
1.9125 1 2 40.8546
1.9125 1 3 16.897
1.9141 1 2 40.7871
1.9141 1 3 16.9596
1.9157 1 2 40.8098
1.9157 1 3 17.0536
1.9173 1 2 40.9614
1.9173 1 3 16.9967
1.9189 1 2 40.8899
1.9189 1 3 17.1902
1.9205 1 2 40.9696
1.9205 1 3 17.3368
1.9221 1 2 40.8829
1.9221 1 3 17.4522
1.9237 1 2 40.838
1.9237 1 3 17.4989
1.9253 1 2 40.7904
1.9253 1 3 17.4496
1.9269 1 2 40.8914
1.9269 1 3 17.401
1.9285 1 2 40.9914
1.9285 1 3 17.477
1.9301 1 2 40.9275
1.9301 1 3 17.5151
1.9317 1 2 41.1813
1.9317 1 3 17.5939
1.9333 1 2 41.2501
1.9333 1 3 17.4141
1.9349 1 2 41.3129
1.9349 1 3 17.2792
1.9365 1 2 41.2356
1.9365 1 3 17.2159
1.9381 1 2 41.1571
1.9381 1 3 17.0377
1.9397 1 2 41.0003
1.9397 1 3 16.9786
1.9413 1 2 40.9578
1.9413 1 3 16.8199
1.9429 1 2 40.817
1.9429 1 3 16.606
1.9445 1 2 40.6941
1.9445 1 3 16.7284
1.9461 1 2 40.8493
1.9461 1 3 16.6619
1.9477 1 2 41.1421
1.9477 1 3 16.5481
1.9493 1 2 41.3872
1.9493 1 3 16.5272
1.9509 1 2 41.5012
1.9509 1 3 16.4041
1.9525 1 2 41.5174
1.9525 1 3 16.3179
1.9541 1 2 41.507
1.9541 1 3 16.4267
1.9557 1 2 41.5892
1.9557 1 3 16.2439
1.9573 1 2 41.4615
1.9573 1 3 16.3062
1.9589 1 2 41.2268
1.9589 1 3 16.1766
1.9605 1 2 41.1396
1.9605 1 3 16.1732
1.9621 1 2 41.067
1.9621 1 3 16.2091
1.9637 1 2 41.0932
1.9637 1 3 16.2245
1.9653 1 2 40.9557
1.9653 1 3 16.0682
1.9669 1 2 41.0442
1.9669 1 3 16.1828
1.9685 1 2 41.0672
1.9685 1 3 16.1032
1.9701 1 2 41.0429
1.9701 1 3 16.1117
1.9717 1 2 40.8905
1.9717 1 3 16.2054
1.9733 1 2 41.0963
1.9733 1 3 16.3206
1.9749 1 2 40.9894
1.9749 1 3 16.3073
1.9765 1 2 41.0307
1.9765 1 3 16.3541
1.9781 1 2 40.8939
1.9781 1 3 16.4588
1.9797 1 2 40.9333
1.9797 1 3 16.4459
1.9813 1 2 40.9846
1.9813 1 3 16.3991
1.9829 1 2 40.9597
1.9829 1 3 16.4141
1.9845 1 2 40.8126
1.9845 1 3 16.451
1.9861 1 2 40.764
1.9861 1 3 16.5098
1.9877 1 2 40.7641
1.9877 1 3 16.4004
1.9893 1 2 40.7121
1.9893 1 3 16.4299
1.9909 1 2 40.5952
1.9909 1 3 16.5641
1.9925 1 2 40.5273
1.9925 1 3 16.4741
1.9941 1 2 40.6935
1.9941 1 3 16.3487
1.9957 1 2 40.6467
1.9957 1 3 16.5478
1.9973 1 2 40.7036
1.9973 1 3 16.618
1.9989 1 2 40.7094
1.9989 1 3 16.705
2.0005 1 2 40.4992
2.0005 1 3 16.5312
2.0021 1 2 40.5336
2.0021 1 3 16.4896
2.0037 1 2 40.5593
2.0037 1 3 16.5956
2.0053 1 2 40.4979
2.0053 1 3 16.5819
2.0069 1 2 40.3886
2.0069 1 3 16.5535
2.0085 1 2 40.338
2.0085 1 3 16.6133
2.0101 1 2 40.4371
2.0101 1 3 16.5121
2.0117 1 2 40.4536
2.0117 1 3 16.6034
2.0133 1 2 40.4479
2.0133 1 3 16.6346
2.0149 1 2 40.4021
2.0149 1 3 16.7085
2.0165 1 2 40.377
2.0165 1 3 16.7474
2.0181 1 2 40.3162
2.0181 1 3 16.8198
2.0197 1 2 40.3171
2.0197 1 3 16.7728
2.0213 1 2 40.3331
2.0213 1 3 16.6134
2.0229 1 2 40.3473
2.0229 1 3 16.4758
2.0245 1 2 40.5214
2.0245 1 3 16.6067
2.0261 1 2 40.4578
2.0261 1 3 16.4832
2.0277 1 2 40.272
2.0277 1 3 16.3286
2.0293 1 2 40.1725
2.0293 1 3 16.4036
2.0309 1 2 40.1308
2.0309 1 3 16.5519
2.0325 1 2 40.154
2.0325 1 3 16.4371
2.0341 1 2 40.1526
2.0341 1 3 16.362
2.0357 1 2 40.362
2.0357 1 3 16.3168
2.0373 1 2 40.2494
2.0373 1 3 16.2716
2.0389 1 2 40.3643
2.0389 1 3 16.2558
2.0405 1 2 40.5396
2.0405 1 3 16.2027
2.0421 1 2 40.4378
2.0421 1 3 16.2636
2.0437 1 2 40.5941
2.0437 1 3 16.1671
2.0453 1 2 40.5327
2.0453 1 3 16.2858
2.0469 1 2 40.4803
2.0469 1 3 16.3937
2.0485 1 2 40.4667
2.0485 1 3 16.3863
2.0501 1 2 40.4835
2.0501 1 3 16.2666
2.0517 1 2 40.4406
2.0517 1 3 16.221
2.0533 1 2 40.476
2.0533 1 3 16.2617
2.0549 1 2 40.5963
2.0549 1 3 16.3023
2.0565 1 2 40.7208
2.0565 1 3 16.3899
2.0581 1 2 41.0505
2.0581 1 3 16.469
2.0597 1 2 41.0319
2.0597 1 3 16.5776
2.0613 1 2 41.2059
2.0613 1 3 16.6364
2.0629 1 2 41.1756
2.0629 1 3 16.7702
2.0645 1 2 41.1138
2.0645 1 3 16.7286
2.0661 1 2 41.1899
2.0661 1 3 16.7911
2.0677 1 2 41.2394
2.0677 1 3 16.7779
2.0693 1 2 41.1462
2.0693 1 3 16.8231
2.0709 1 2 41.1417
2.0709 1 3 16.8468
2.0725 1 2 41.3412
2.0725 1 3 16.8255
2.0741 1 2 41.4664
2.0741 1 3 16.6796
2.0757 1 2 41.4295
2.0757 1 3 16.5914
2.0773 1 2 41.4006
2.0773 1 3 16.6028
2.0789 1 2 41.3538
2.0789 1 3 16.5059
2.0805 1 2 41.288
2.0805 1 3 16.6822
2.0821 1 2 41.3337
2.0821 1 3 16.7781
2.0837 1 2 41.3209
2.0837 1 3 16.7623
2.0853 1 2 41.1823
2.0853 1 3 16.8707
2.0869 1 2 41.0618
2.0869 1 3 16.7342
2.0885 1 2 41.0981
2.0885 1 3 16.7323
2.0901 1 2 40.9738
2.0901 1 3 16.7908
2.0917 1 2 40.8785
2.0917 1 3 16.757
2.0933 1 2 40.9086
2.0933 1 3 16.6484
2.0949 1 2 40.7256
2.0949 1 3 16.6423
2.0965 1 2 40.7237
2.0965 1 3 16.4785
2.0981 1 2 40.7444
2.0981 1 3 16.4467
2.0997 1 2 40.4215
2.0997 1 3 16.535
2.1013 1 2 40.5834
2.1013 1 3 16.602
2.1029 1 2 40.4107
2.1029 1 3 16.7051
2.1045 1 2 40.4419
2.1045 1 3 16.6586
2.1061 1 2 40.4461
2.1061 1 3 16.5514
2.1077 1 2 40.4937
2.1077 1 3 16.5226
2.1093 1 2 40.3946
2.1093 1 3 16.6237
2.1109 1 2 40.3948
2.1109 1 3 16.6382
2.1125 1 2 40.4369
2.1125 1 3 16.6616
2.1141 1 2 40.4467
2.1141 1 3 16.6357
2.1157 1 2 40.5341
2.1157 1 3 16.5238
2.1173 1 2 40.5461
2.1173 1 3 16.3869
2.1189 1 2 40.4919
2.1189 1 3 16.4907
2.1205 1 2 40.5601
2.1205 1 3 16.512
2.1221 1 2 40.4484
2.1221 1 3 16.5048
2.1237 1 2 40.6373
2.1237 1 3 16.6921
2.1253 1 2 40.4469
2.1253 1 3 16.6651
2.1269 1 2 40.41
2.1269 1 3 16.6188
2.1285 1 2 40.3045
2.1285 1 3 16.4046
2.1301 1 2 40.1476
2.1301 1 3 16.3195
2.1317 1 2 40.2003
2.1317 1 3 16.3277
2.1333 1 2 40.1435
2.1333 1 3 16.1841
2.1349 1 2 40.1954
2.1349 1 3 16.1083
2.1365 1 2 40.314
2.1365 1 3 16.1465
2.1381 1 2 40.1141
2.1381 1 3 16.1526
2.1397 1 2 40.1885
2.1397 1 3 16.0479
2.1413 1 2 40.0886
2.1413 1 3 16.0252
2.1429 1 2 40.1927
2.1429 1 3 15.9733
2.1445 1 2 40.0435
2.1445 1 3 16.0163
2.1461 1 2 40.0715
2.1461 1 3 16.1776
2.1477 1 2 40.0621
2.1477 1 3 16.2705
2.1493 1 2 40.2049
2.1493 1 3 16.371
2.1509 1 2 40.145
2.1509 1 3 16.3375
2.1525 1 2 40.0606
2.1525 1 3 16.4359
2.1541 1 2 39.9303
2.1541 1 3 16.3725
2.1557 1 2 39.9568
2.1557 1 3 16.3829
2.1573 1 2 39.9713
2.1573 1 3 16.5971
2.1589 1 2 39.2943
2.1589 1 3 16.6751
2.1605 1 2 39.2492
2.1605 1 3 16.6006
2.1621 1 2 39.2067
2.1621 1 3 16.7279
2.1637 1 2 39.1876
2.1637 1 3 16.7575
2.1653 1 2 39.2983
2.1653 1 3 16.6804
2.1669 1 2 39.3584
2.1669 1 3 16.6156
2.1685 1 2 39.5797
2.1685 1 3 16.504
2.1701 1 2 39.5779
2.1701 1 3 16.3295
2.1717 1 2 39.51
2.1717 1 3 16.4964
2.1733 1 2 39.4142
2.1733 1 3 16.5143
2.1749 1 2 39.3537
2.1749 1 3 16.4043
2.1765 1 2 39.2157
2.1765 1 3 16.4784
2.1781 1 2 39.3134
2.1781 1 3 16.2323
2.1797 1 2 39.3776
2.1797 1 3 16.1642
2.1813 1 2 39.311
2.1813 1 3 16.1718
2.1829 1 2 39.3006
2.1829 1 3 16.2007
2.1845 1 2 39.4735
2.1845 1 3 16.1959
2.1861 1 2 39.4348
2.1861 1 3 16.1286
2.1877 1 2 39.4159
2.1877 1 3 16.1171
2.1893 1 2 39.4497
2.1893 1 3 15.9234
2.1909 1 2 39.6216
2.1909 1 3 15.7364
2.1925 1 2 39.7628
2.1925 1 3 15.7194
2.1941 1 2 39.7427
2.1941 1 3 15.8534
2.1957 1 2 39.6444
2.1957 1 3 15.9188
2.1973 1 2 39.5241
2.1973 1 3 15.8838
2.1989 1 2 39.3894
2.1989 1 3 16.0075
2.2005 1 2 39.3114
2.2005 1 3 16.0454
2.2021 1 2 39.466
2.2021 1 3 16.0714
2.2037 1 2 39.5527
2.2037 1 3 16.1957
2.2053 1 2 39.4617
2.2053 1 3 16.0541
2.2069 1 2 39.5018
2.2069 1 3 16.0844
2.2085 1 2 39.6203
2.2085 1 3 16.0622
2.2101 1 2 39.7233
2.2101 1 3 16.0669
2.2117 1 2 39.6146
2.2117 1 3 16.1101
2.2133 1 2 39.7245
2.2133 1 3 16.1272
2.2149 1 2 39.6838
2.2149 1 3 16.217
2.2165 1 2 39.768
2.2165 1 3 16.2686
2.2181 1 2 39.6774
2.2181 1 3 16.1339
2.2197 1 2 39.6081
2.2197 1 3 16.0421
2.2213 1 2 39.6748
2.2213 1 3 16.1617
2.2229 1 2 39.7677
2.2229 1 3 16.3116
2.2245 1 2 39.7428
2.2245 1 3 16.3718
2.2261 1 2 39.6939
2.2261 1 3 16.4625
2.2277 1 2 39.6809
2.2277 1 3 16.6648
2.2293 1 2 39.5084
2.2293 1 3 16.8317
2.2309 1 2 39.4344
2.2309 1 3 16.7567
2.2325 1 2 39.3599
2.2325 1 3 16.6014
2.2341 1 2 39.4073
2.2341 1 3 16.5556
2.2357 1 2 39.4548
2.2357 1 3 16.6011
2.2373 1 2 39.4237
2.2373 1 3 16.6339
2.2389 1 2 39.2641
2.2389 1 3 16.5192
2.2405 1 2 39.3263
2.2405 1 3 16.4766
2.2421 1 2 39.3598
2.2421 1 3 16.5996
2.2437 1 2 39.4084
2.2437 1 3 16.4967
2.2453 1 2 39.4255
2.2453 1 3 16.5907
2.2469 1 2 39.3069
2.2469 1 3 16.6119
2.2485 1 2 39.3445
2.2485 1 3 16.4744
2.2501 1 2 39.2924
2.2501 1 3 16.5508
2.2517 1 2 39.2977
2.2517 1 3 16.5087
2.2533 1 2 39.2652
2.2533 1 3 16.6049
2.2549 1 2 39.3116
2.2549 1 3 16.5425
2.2565 1 2 39.4897
2.2565 1 3 16.5087
2.2581 1 2 39.7747
2.2581 1 3 16.7608
2.2597 1 2 39.7392
2.2597 1 3 16.775
2.2613 1 2 39.7828
2.2613 1 3 16.8394
2.2629 1 2 39.7335
2.2629 1 3 16.864
2.2645 1 2 39.7104
2.2645 1 3 16.7296
2.2661 1 2 39.7381
2.2661 1 3 16.6952
2.2677 1 2 39.5016
2.2677 1 3 16.5473
2.2693 1 2 39.5555
2.2693 1 3 16.6038
2.2709 1 2 39.619
2.2709 1 3 16.644
2.2725 1 2 39.6102
2.2725 1 3 16.7747
2.2741 1 2 39.6036
2.2741 1 3 16.8619
2.2757 1 2 39.7054
2.2757 1 3 16.7923
2.2773 1 2 39.6475
2.2773 1 3 16.6981
2.2789 1 2 39.5685
2.2789 1 3 16.587
2.2805 1 2 39.2926
2.2805 1 3 16.6131
2.2821 1 2 39.2978
2.2821 1 3 16.7194
2.2837 1 2 39.1173
2.2837 1 3 16.7011
2.2853 1 2 39.1697
2.2853 1 3 16.5233
2.2869 1 2 39.3394
2.2869 1 3 16.5448
2.2885 1 2 39.2403
2.2885 1 3 16.6462
2.2901 1 2 39.2602
2.2901 1 3 16.639
2.2917 1 2 39.3285
2.2917 1 3 16.5869
2.2933 1 2 39.3619
2.2933 1 3 16.5824
2.2949 1 2 39.357
2.2949 1 3 16.6401
2.2965 1 2 39.4342
2.2965 1 3 16.502
2.2981 1 2 39.6419
2.2981 1 3 16.5225
2.2997 1 2 39.5983
2.2997 1 3 16.5914
2.3013 1 2 39.6414
2.3013 1 3 16.6513
2.3029 1 2 39.6146
2.3029 1 3 16.7663
2.3045 1 2 39.7285
2.3045 1 3 16.7946
2.3061 1 2 39.715
2.3061 1 3 17.0124
2.3077 1 2 39.7488
2.3077 1 3 17.102
2.3093 1 2 39.7338
2.3093 1 3 17.1837
2.3109 1 2 39.6247
2.3109 1 3 17.2127
2.3125 1 2 39.6611
2.3125 1 3 17.2251
2.3141 1 2 39.7785
2.3141 1 3 17.189
2.3157 1 2 39.7515
2.3157 1 3 17.1299
2.3173 1 2 39.6633
2.3173 1 3 17.036
2.3189 1 2 39.5088
2.3189 1 3 16.983
2.3205 1 2 39.7157
2.3205 1 3 16.9027
2.3221 1 2 39.6147
2.3221 1 3 16.8429
2.3237 1 2 39.5568
2.3237 1 3 16.8194
2.3253 1 2 39.5905
2.3253 1 3 16.8623
2.3269 1 2 39.5586
2.3269 1 3 16.9593
2.3285 1 2 39.4894
2.3285 1 3 17.1008
2.3301 1 2 39.47
2.3301 1 3 16.8901
2.3317 1 2 39.7292
2.3317 1 3 16.8948
2.3333 1 2 39.7272
2.3333 1 3 16.5364
2.3349 1 2 39.6562
2.3349 1 3 16.4227
2.3365 1 2 39.7068
2.3365 1 3 16.5114
2.3381 1 2 39.6779
2.3381 1 3 16.333
2.3397 1 2 39.716
2.3397 1 3 16.2157
2.3413 1 2 39.5402
2.3413 1 3 16.2114
2.3429 1 2 39.5471
2.3429 1 3 16.179
2.3445 1 2 39.3905
2.3445 1 3 16.1361
2.3461 1 2 39.2057
2.3461 1 3 16.1917
2.3477 1 2 39.3582
2.3477 1 3 16.2152
2.3493 1 2 39.1915
2.3493 1 3 16.0463
2.3509 1 2 39.2797
2.3509 1 3 16.1355
2.3525 1 2 39.1797
2.3525 1 3 16.2302
2.3541 1 2 38.8658
2.3541 1 3 16.3168
2.3557 1 2 38.7779
2.3557 1 3 16.1115
2.3573 1 2 38.7046
2.3573 1 3 16.2215
2.3589 1 2 38.4318
2.3589 1 3 16.297
2.3605 1 2 38.4193
2.3605 1 3 16.2583
2.3621 1 2 38.4428
2.3621 1 3 16.2243
2.3637 1 2 38.3815
2.3637 1 3 16.304
2.3653 1 2 38.3558
2.3653 1 3 16.3692
2.3669 1 2 38.3376
2.3669 1 3 16.5509
2.3685 1 2 38.3147
2.3685 1 3 16.6591
2.3701 1 2 38.3747
2.3701 1 3 16.7718
2.3717 1 2 38.4944
2.3717 1 3 16.8336
2.3733 1 2 38.5877
2.3733 1 3 16.656
2.3749 1 2 38.7087
2.3749 1 3 16.6095
2.3765 1 2 38.636
2.3765 1 3 16.8364
2.3781 1 2 38.7403
2.3781 1 3 16.8439
2.3797 1 2 38.6958
2.3797 1 3 16.6568
2.3813 1 2 38.6467
2.3813 1 3 16.5603
2.3829 1 2 38.502
2.3829 1 3 16.6544
2.3845 1 2 38.4632
2.3845 1 3 16.5623
2.3861 1 2 38.4724
2.3861 1 3 16.457
2.3877 1 2 38.4171
2.3877 1 3 16.4614
2.3893 1 2 38.5458
2.3893 1 3 16.3916
2.3909 1 2 38.6155
2.3909 1 3 16.2555
2.3925 1 2 38.6353
2.3925 1 3 16.251
2.3941 1 2 38.646
2.3941 1 3 15.9909
2.3957 1 2 38.7301
2.3957 1 3 15.9459
2.3973 1 2 38.789
2.3973 1 3 15.9843
2.3989 1 2 38.8424
2.3989 1 3 15.9728
2.4005 1 2 38.806
2.4005 1 3 15.9984
2.4021 1 2 38.7955
2.4021 1 3 15.9204
2.4037 1 2 38.7203
2.4037 1 3 16.1878
2.4053 1 2 38.616
2.4053 1 3 16.1826
2.4069 1 2 38.6085
2.4069 1 3 16.2271
2.4085 1 2 38.5617
2.4085 1 3 16.1779
2.4101 1 2 38.4856
2.4101 1 3 16.1322
2.4117 1 2 38.591
2.4117 1 3 16.3438
2.4133 1 2 38.6547
2.4133 1 3 16.464
2.4149 1 2 38.7412
2.4149 1 3 16.3846
2.4165 1 2 38.8999
2.4165 1 3 16.4587
2.4181 1 2 38.9707
2.4181 1 3 16.3791
2.4197 1 2 38.8783
2.4197 1 3 16.3865
2.4213 1 2 38.9527
2.4213 1 3 16.3919
2.4229 1 2 38.9822
2.4229 1 3 16.3244
2.4245 1 2 39.099
2.4245 1 3 16.4781
2.4261 1 2 39.1874
2.4261 1 3 16.5878
2.4277 1 2 39.3012
2.4277 1 3 16.588
2.4293 1 2 39.197
2.4293 1 3 16.6212
2.4309 1 2 39.2654
2.4309 1 3 16.4745
2.4325 1 2 39.1837
2.4325 1 3 16.3038
2.4341 1 2 39.2411
2.4341 1 3 15.9613
2.4357 1 2 39.0725
2.4357 1 3 15.741
2.4373 1 2 39.1322
2.4373 1 3 15.7712
2.4389 1 2 39.0849
2.4389 1 3 15.7621
2.4405 1 2 39.177
2.4405 1 3 15.7183
2.4421 1 2 39.2455
2.4421 1 3 15.6355
2.4437 1 2 39.3347
2.4437 1 3 15.4991
2.4453 1 2 39.3965
2.4453 1 3 15.4851
2.4469 1 2 39.4979
2.4469 1 3 15.4833
2.4485 1 2 39.5849
2.4485 1 3 15.6348
2.4501 1 2 39.5465
2.4501 1 3 15.7199
2.4517 1 2 39.4364
2.4517 1 3 15.7414
2.4533 1 2 39.4799
2.4533 1 3 15.6291
2.4549 1 2 39.4408
2.4549 1 3 15.4389
2.4565 1 2 39.4174
2.4565 1 3 15.5602
2.4581 1 2 39.7074
2.4581 1 3 15.5854
2.4597 1 2 39.6446
2.4597 1 3 15.4823
2.4613 1 2 39.6394
2.4613 1 3 15.5504
2.4629 1 2 39.6433
2.4629 1 3 15.5192
2.4645 1 2 39.7928
2.4645 1 3 15.6929
2.4661 1 2 39.7319
2.4661 1 3 15.5358
2.4677 1 2 39.6594
2.4677 1 3 15.3703
2.4693 1 2 39.7879
2.4693 1 3 15.4045
2.4709 1 2 39.6604
2.4709 1 3 15.2347
2.4725 1 2 39.5166
2.4725 1 3 15.1456
2.4741 1 2 39.5857
2.4741 1 3 15.1434
2.4757 1 2 39.5958
2.4757 1 3 15.2984
2.4773 1 2 39.5679
2.4773 1 3 15.3617
2.4789 1 2 39.5281
2.4789 1 3 15.264
2.4805 1 2 39.5385
2.4805 1 3 15.2078
2.4821 1 2 39.6905
2.4821 1 3 15.1699
2.4837 1 2 39.6601
2.4837 1 3 14.9843
2.4853 1 2 39.7168
2.4853 1 3 15.105
2.4869 1 2 39.7899
2.4869 1 3 15.1583
2.4885 1 2 39.8144
2.4885 1 3 15.2349
2.4901 1 2 39.6901
2.4901 1 3 15.1887
2.4917 1 2 39.6536
2.4917 1 3 15.1228
2.4933 1 2 39.6491
2.4933 1 3 15.0312
2.4949 1 2 39.7998
2.4949 1 3 15.0113
2.4965 1 2 39.7098
2.4965 1 3 15.1362
2.4981 1 2 39.7881
2.4981 1 3 15.1452
2.4997 1 2 39.8676
2.4997 1 3 15.2487
2.5013 1 2 39.7123
2.5013 1 3 15.1262
2.5029 1 2 39.6872
2.5029 1 3 15.3137
2.5045 1 2 39.7623
2.5045 1 3 15.404
2.5061 1 2 39.7749
2.5061 1 3 15.4191
2.5077 1 2 39.7343
2.5077 1 3 15.5419
2.5093 1 2 39.7922
2.5093 1 3 15.6397
2.5109 1 2 39.7522
2.5109 1 3 15.9737
2.5125 1 2 39.778
2.5125 1 3 16.0439
2.5141 1 2 39.8114
2.5141 1 3 16.1726
2.5157 1 2 39.8356
2.5157 1 3 16.1277
2.5173 1 2 39.9817
2.5173 1 3 16.3181
2.5189 1 2 39.93
2.5189 1 3 16.1615
2.5205 1 2 39.9125
2.5205 1 3 16.2547
2.5221 1 2 40.0105
2.5221 1 3 16.2031
2.5237 1 2 40.0191
2.5237 1 3 16.2384
2.5253 1 2 39.93
2.5253 1 3 16.2817
2.5269 1 2 39.8642
2.5269 1 3 16.3066
2.5285 1 2 39.6758
2.5285 1 3 16.2311
2.5301 1 2 39.6812
2.5301 1 3 16.1102
2.5317 1 2 39.741
2.5317 1 3 16.0194
2.5333 1 2 39.8523
2.5333 1 3 15.8281
2.5349 1 2 39.8144
2.5349 1 3 15.6711
2.5365 1 2 39.7967
2.5365 1 3 15.6669
2.5381 1 2 39.92
2.5381 1 3 15.6713
2.5397 1 2 39.9697
2.5397 1 3 15.7343
2.5413 1 2 40.0201
2.5413 1 3 15.7526
2.5429 1 2 40.0136
2.5429 1 3 15.7716
2.5445 1 2 40.1461
2.5445 1 3 15.8507
2.5461 1 2 40.1184
2.5461 1 3 15.8159
2.5477 1 2 40.2149
2.5477 1 3 15.6976
2.5493 1 2 40.2251
2.5493 1 3 15.6605
2.5509 1 2 40.0024
2.5509 1 3 15.7237
2.5525 1 2 40.018
2.5525 1 3 15.745
2.5541 1 2 39.9806
2.5541 1 3 15.8759
2.5557 1 2 39.9254
2.5557 1 3 15.897
2.5573 1 2 39.9162
2.5573 1 3 15.8628
2.5589 1 2 39.7251
2.5589 1 3 16.1184
2.5605 1 2 39.7803
2.5605 1 3 16.2089
2.5621 1 2 39.8437
2.5621 1 3 16.3646
2.5637 1 2 39.8999
2.5637 1 3 16.3793
2.5653 1 2 39.8978
2.5653 1 3 16.387
2.5669 1 2 39.9827
2.5669 1 3 16.4177
2.5685 1 2 40.0181
2.5685 1 3 16.297
2.5701 1 2 39.9928
2.5701 1 3 16.2761
2.5717 1 2 39.9362
2.5717 1 3 16.1817
2.5733 1 2 39.8248
2.5733 1 3 16.1064
2.5749 1 2 40.0364
2.5749 1 3 16.0277
2.5765 1 2 39.799
2.5765 1 3 16.0764
2.5781 1 2 39.7307
2.5781 1 3 15.9977
2.5797 1 2 39.8791
2.5797 1 3 15.9689
2.5813 1 2 39.9304
2.5813 1 3 15.8643
2.5829 1 2 40.0547
2.5829 1 3 15.7216
2.5845 1 2 39.9876
2.5845 1 3 15.7964
2.5861 1 2 40.0411
2.5861 1 3 15.7397
2.5877 1 2 40.1499
2.5877 1 3 15.5959
2.5893 1 2 40.0376
2.5893 1 3 15.6243
2.5909 1 2 40.0879
2.5909 1 3 15.5241
2.5925 1 2 40.2394
2.5925 1 3 15.4545
2.5941 1 2 40.3057
2.5941 1 3 15.3487
2.5957 1 2 40.3243
2.5957 1 3 15.5147
2.5973 1 2 40.3608
2.5973 1 3 15.5133
2.5989 1 2 40.4368
2.5989 1 3 15.553
2.6005 1 2 40.1287
2.6005 1 3 15.711
2.6021 1 2 40.3539
2.6021 1 3 15.8711
2.6037 1 2 40.2669
2.6037 1 3 15.9181
2.6053 1 2 40.1821
2.6053 1 3 16.174
2.6069 1 2 40.146
2.6069 1 3 16.2903
2.6085 1 2 40.1672
2.6085 1 3 16.2478
2.6101 1 2 40.2782
2.6101 1 3 16.4525
2.6117 1 2 40.3194
2.6117 1 3 16.5956
2.6133 1 2 40.2181
2.6133 1 3 16.3987
2.6149 1 2 40.3455
2.6149 1 3 16.4106
2.6165 1 2 40.4033
2.6165 1 3 16.4479
2.6181 1 2 40.6058
2.6181 1 3 16.2787
2.6197 1 2 40.4806
2.6197 1 3 16.2799
2.6213 1 2 40.4913
2.6213 1 3 16.458
2.6229 1 2 40.5891
2.6229 1 3 16.6143
2.6245 1 2 40.8158
2.6245 1 3 16.5538
2.6261 1 2 40.9489
2.6261 1 3 16.6015
2.6277 1 2 40.8343
2.6277 1 3 16.6744
2.6293 1 2 40.915
2.6293 1 3 16.6159
2.6309 1 2 40.7682
2.6309 1 3 16.7142
2.6325 1 2 40.8672
2.6325 1 3 16.902
2.6341 1 2 40.7913
2.6341 1 3 16.7983
2.6357 1 2 40.6999
2.6357 1 3 16.7472
2.6373 1 2 40.738
2.6373 1 3 16.7954
2.6389 1 2 40.668
2.6389 1 3 16.8531
2.6405 1 2 40.6347
2.6405 1 3 16.8026
2.6421 1 2 40.7521
2.6421 1 3 16.7108
2.6437 1 2 40.6422
2.6437 1 3 16.7504
2.6453 1 2 40.7535
2.6453 1 3 16.78
2.6469 1 2 40.7356
2.6469 1 3 16.6417
2.6485 1 2 40.8493
2.6485 1 3 16.6491
2.6501 1 2 40.7219
2.6501 1 3 16.7302
2.6517 1 2 40.5844
2.6517 1 3 16.7309
2.6533 1 2 40.4717
2.6533 1 3 16.9517
2.6549 1 2 40.4954
2.6549 1 3 16.8466
2.6565 1 2 40.5672
2.6565 1 3 16.7291
2.6581 1 2 40.4649
2.6581 1 3 16.7822
2.6597 1 2 40.5272
2.6597 1 3 16.94
2.6613 1 2 40.4414
2.6613 1 3 17.045
2.6629 1 2 40.1813
2.6629 1 3 17.1262
2.6645 1 2 40.1157
2.6645 1 3 17.125
2.6661 1 2 39.9814
2.6661 1 3 17.2052
2.6677 1 2 40.164
2.6677 1 3 17.1799
2.6693 1 2 40.0322
2.6693 1 3 17.2454
2.6709 1 2 39.892
2.6709 1 3 17.2526
2.6725 1 2 39.7339
2.6725 1 3 17.1859
2.6741 1 2 39.6167
2.6741 1 3 17.2448
2.6757 1 2 39.6831
2.6757 1 3 17.2577
