0.006 1 1 0
0.012 1 1 4
0.016 1 1 0
0.022 1 1 0
0.026 1 1 0
0.0287144 1 3 0
0.032 1 1 3
0.032 1 3 0
0.036 1 1 0
0.0387144 1 3 0
0.042 1 1 0
0.042 1 3 0
0.0446 1 1 0
0.0446 1 3 0
0.046 1 1 0
0.0487144 1 3 0
0.049 1 1 0
0.049 1 3 0
0.0546 1 1 0
0.0546 1 3 0
0.056 1 1 0
0.0587144 1 3 0
0.059 1 1 0
0.059 1 3 0
0.0646 1 1 0
0.0646 1 3 0
0.066 1 1 0
0.0687144 1 3 0
0.069 1 1 0
0.069 1 3 0
0.0746 1 1 0
0.0746 1 3 0
0.076 1 1 0
0.0787144 1 3 0
0.079 1 1 0
0.079 1 3 0
0.0846 1 1 0
0.0846 1 3 0
0.086 1 1 0
0.0887144 1 3 0
0.089 1 1 0
0.089 1 3 0
0.0946 1 1 0
0.0946 1 3 0
0.099 1 1 0
0.099 1 3 0
0.1046 1 1 0
0.1046 1 3 0
0.109 1 1 0
0.109 1 3 0
0.1146 1 1 0
0.1146 1 3 0
0.119 1 1 0
0.119 1 3 0
0.1246 1 1 0
0.1246 1 3 0
0.129 1 1 0
0.129 1 3 0
0.1346 1 1 0
0.1346 1 3 0
0.139 1 1 0
0.139 1 3 0
0.1446 1 1 0
0.1446 1 3 0
0.149 1 1 0
0.149 1 3 0
0.1546 1 1 0
0.1546 1 3 0
0.159 1 1 0
0.159 1 3 0
0.1646 1 1 0
0.1646 1 3 0
0.169 1 1 0
0.169 1 3 0
0.1746 1 1 0
0.1746 1 3 0
0.179 1 1 0
0.179 1 3 0
0.1846 1 1 0
0.1846 1 3 0
0.189 1 1 0
0.189 1 3 0
0.1946 1 1 0
0.1946 1 3 0
0.199 1 1 0
0.199 1 3 0
0.2046 1 1 0
0.2046 1 3 0
0.209 1 1 0
0.209 1 3 0
0.2146 1 1 0
0.2146 1 3 0
0.219 1 1 0
0.219 1 3 0
0.2246 1 1 0
0.2246 1 3 0
0.229 1 1 0
0.229 1 3 0
0.2346 1 1 0
0.2346 1 3 0
0.239 1 1 0
0.239 1 3 0
0.2446 1 1 0
0.2446 1 3 0
0.249 1 1 0
0.249 1 3 0
0.2546 1 1 0
0.2546 1 3 0
0.2579 1 1 0
0.2579 1 3 65375
0.258908 1 1 0
0.258908 1 3 0
0.2646 1 1 0
0.2646 1 3 0
0.2679 1 1 0
0.2679 1 3 0
0.268908 1 1 0
0.268908 1 3 0
0.2746 1 1 0
0.2746 1 3 0
0.2779 1 1 0
0.2779 1 3 0
0.278908 1 1 0
0.278908 1 3 0
0.2879 1 1 0
0.2879 1 3 0
0.288908 1 1 0
0.288908 1 3 0
0.2979 1 1 0
0.2979 1 3 0
0.298908 1 1 0
0.298908 1 3 0
0.3079 1 1 0
0.3079 1 3 0
0.308908 1 1 0
0.308908 1 3 0
0.3179 1 1 0
0.3179 1 3 0
0.318908 1 1 0
0.318908 1 3 0
0.3279 1 1 0
0.3279 1 3 0
0.328908 1 1 0
0.328908 1 3 0
0.3379 1 1 0
0.3379 1 3 0
0.338908 1 1 0
0.338908 1 3 0
0.3479 1 1 0
0.3479 1 3 0
0.348908 1 1 0
0.348908 1 3 0
0.3579 1 1 0
0.3579 1 3 0
0.358908 1 1 0
0.358908 1 3 0
0.3679 1 1 0
0.3679 1 3 0
0.368908 1 1 0
0.368908 1 3 0
0.3779 1 1 0
0.3779 1 3 0
0.378908 1 1 0
0.378908 1 3 0
0.3879 1 1 0
0.3879 1 3 0
0.388908 1 1 0
0.388908 1 3 0
0.3979 1 1 0
0.3979 1 3 0
0.398908 1 1 0
0.398908 1 3 0
0.4079 1 1 0
0.4079 1 3 0
0.408908 1 1 0
0.408908 1 3 0
0.4179 1 1 0
0.4179 1 3 0
0.418908 1 1 0
0.418908 1 3 0
0.4279 1 1 0
0.4279 1 3 0
0.428908 1 1 0
0.428908 1 3 0
0.4379 1 1 0
0.4379 1 3 0
0.438908 1 1 0
0.438908 1 3 0
0.4479 1 1 0
0.4479 1 3 0
0.448908 1 1 0
0.448908 1 3 0
0.4579 1 1 0
0.4579 1 3 0
0.458908 1 1 0
0.458908 1 3 0
0.4679 1 1 0
0.4679 1 3 0
0.468908 1 1 0
0.468908 1 3 0
0.4779 1 1 0
0.4779 1 3 0
0.478908 1 1 0
0.478908 1 3 0
0.4879 1 1 0
0.4879 1 3 0
0.488908 1 1 0
0.488908 1 3 0
0.4979 1 1 0
0.4979 1 3 0
0.498908 1 1 0
0.498908 1 3 0
0.5079 1 1 0
0.5079 1 3 0
0.508908 1 1 0
0.508908 1 3 0
0.5179 1 1 0
0.5179 1 3 0
0.518908 1 1 0
0.518908 1 3 0
0.5279 1 1 0
0.5279 1 3 0
0.528908 1 1 0
0.528908 1 3 0
0.5379 1 1 0
0.5379 1 3 0
0.538908 1 1 0
0.538908 1 3 0
0.5479 1 1 0
0.5479 1 3 0
0.548908 1 1 0
0.548908 1 3 0
0.5579 1 1 0
0.5579 1 3 0
0.558908 1 1 0
0.558908 1 3 0
0.5679 1 1 0
0.5679 1 3 0
0.568908 1 1 0
0.568908 1 3 0
0.5779 1 1 0
0.5779 1 3 0
0.578908 1 1 0
0.578908 1 3 0
0.5879 1 1 0
0.5879 1 3 0
0.588908 1 1 0
0.588908 1 3 0
0.5979 1 1 0
0.5979 1 3 0
0.598908 1 1 0
0.598908 1 3 0
0.6079 1 1 0
0.6079 1 3 0
0.608908 1 1 0
0.608908 1 3 0
0.6179 1 1 0
0.6179 1 3 0
0.618908 1 1 0
0.618908 1 3 0
0.6279 1 1 0
0.6279 1 3 0
0.628908 1 1 0
0.628908 1 3 0
0.6379 1 1 0
0.6379 1 3 0
0.638908 1 1 0
0.638908 1 3 0
0.6479 1 1 0
0.6479 1 3 0
0.648908 1 1 0
0.648908 1 3 0
0.6579 1 1 0
0.6579 1 3 0
0.658908 1 1 0
0.658908 1 3 0
0.6679 1 1 0
0.6679 1 3 0
0.668908 1 1 0
0.668908 1 3 0
0.6779 1 1 0
0.6779 1 3 0
0.678908 1 1 0
0.678908 1 3 0
0.6879 1 1 0
0.6879 1 3 0
0.688908 1 1 0
0.688908 1 3 0
0.6979 1 1 0
0.6979 1 3 0
0.698908 1 1 0
0.698908 1 3 0
0.7079 1 1 0
0.7079 1 3 0
0.708908 1 1 0
0.708908 1 3 0
0.7179 1 1 0
0.7179 1 3 0
0.718908 1 1 0
0.718908 1 3 0
0.7279 1 1 0
0.7279 1 3 0
0.728908 1 1 0
0.728908 1 3 0
0.7379 1 1 0
0.7379 1 3 0
0.738908 1 1 0
0.738908 1 3 0
0.7479 1 1 0
0.7479 1 3 0
0.748908 1 1 0
0.748908 1 3 0
0.7579 1 1 0
0.7579 1 3 0
0.758908 1 1 0
0.758908 1 3 0
0.7679 1 1 0
0.7679 1 3 0
0.768908 1 1 0
0.768908 1 3 0
0.7779 1 1 0
0.7779 1 3 0
0.778908 1 1 0
0.778908 1 3 0
0.7879 1 1 0
0.7879 1 3 0
0.788908 1 1 0
0.788908 1 3 0
0.7979 1 1 0
0.7979 1 3 0
0.798908 1 1 0
0.798908 1 3 0
0.8079 1 1 0
0.8079 1 3 0
0.808908 1 1 0
0.808908 1 3 0
0.8179 1 1 0
0.8179 1 3 0
0.818908 1 1 0
0.818908 1 3 0
0.8279 1 1 0
0.8279 1 3 0
0.828908 1 1 0
0.828908 1 3 0
0.8379 1 1 0
0.8379 1 3 0
0.838908 1 1 0
0.838908 1 3 0
0.8479 1 1 0
0.8479 1 3 0
0.848908 1 1 0
0.848908 1 3 0
0.8579 1 1 0
0.8579 1 3 0
0.858908 1 1 0
0.858908 1 3 0
0.8679 1 1 0
0.8679 1 3 0
0.868908 1 1 0
0.868908 1 3 0
0.8779 1 1 0
0.8779 1 3 0
0.878908 1 1 0
0.878908 1 3 0
0.8879 1 1 0
0.8879 1 3 0
0.888908 1 1 0
0.888908 1 3 0
0.8979 1 1 0
0.8979 1 3 0
0.898908 1 1 0
0.898908 1 3 0
0.9079 1 1 0
0.9079 1 3 0
0.908908 1 1 0
0.908908 1 3 0
0.9179 1 1 0
0.9179 1 3 0
0.918908 1 1 0
0.918908 1 3 0
0.9279 1 1 0
0.9279 1 3 0
0.928908 1 1 0
0.928908 1 3 0
0.9379 1 1 0
0.9379 1 3 0
0.938908 1 1 0
0.938908 1 3 0
0.9479 1 1 0
0.9479 1 3 0
0.948908 1 1 0
0.948908 1 3 0
0.9579 1 1 0
0.9579 1 3 0
0.958908 1 1 0
0.958908 1 3 0
0.9679 1 1 0
0.9679 1 3 0
0.968908 1 1 0
0.968908 1 3 0
0.9779 1 1 0
0.9779 1 3 0
0.978908 1 1 0
0.978908 1 3 0
0.9879 1 1 0
0.9879 1 3 0
0.988908 1 1 0
0.988908 1 3 0
0.9979 1 1 0
0.9979 1 3 0
0.998908 1 1 0
0.998908 1 3 0
1.0079 1 1 0
1.0079 1 3 0
1.00891 1 1 0
1.00891 1 3 0
1.0179 1 1 0
1.0179 1 3 0
1.01891 1 1 0
1.01891 1 3 0
1.0279 1 1 0
1.0279 1 3 0
1.02891 1 1 0
1.02891 1 3 0
1.0379 1 1 0
1.0379 1 3 0
1.03891 1 1 0
1.03891 1 3 0
1.0479 1 1 0
1.0479 1 3 0
1.04891 1 1 0
1.04891 1 3 0
1.0579 1 1 0
1.0579 1 3 0
1.05891 1 1 0
1.05891 1 3 0
1.0679 1 1 0
1.0679 1 3 0
1.06891 1 1 0
1.06891 1 3 0
1.0779 1 1 0
1.0779 1 3 0
1.07891 1 1 0
1.07891 1 3 0
1.0879 1 1 0
1.0879 1 3 0
1.08891 1 1 0
1.08891 1 3 0
1.0979 1 1 0
1.0979 1 3 0
1.09891 1 1 0
1.09891 1 3 0
1.1079 1 1 0
1.1079 1 3 0
1.10891 1 1 0
1.10891 1 3 0
1.1179 1 1 0
1.1179 1 3 0
1.11891 1 1 0
1.11891 1 3 0
1.1279 1 1 0
1.1279 1 3 0
1.12891 1 1 0
1.12891 1 3 0
1.1379 1 1 0
1.1379 1 3 0
1.13891 1 1 0
1.13891 1 3 0
1.1479 1 1 0
1.1479 1 3 0
1.14891 1 1 0
1.14891 1 3 0
1.1579 1 1 0
1.1579 1 3 0
1.15891 1 1 0
1.15891 1 3 0
1.1679 1 1 0
1.1679 1 3 0
1.16891 1 1 0
1.16891 1 3 0
1.1779 1 1 0
1.1779 1 3 0
1.17891 1 1 0
1.17891 1 3 0
1.1879 1 1 0
1.1879 1 3 0
1.18891 1 1 0
1.18891 1 3 0
1.1979 1 1 0
1.1979 1 3 0
1.19891 1 1 0
1.19891 1 3 0
1.2079 1 1 0
1.2079 1 3 0
1.20891 1 1 0
1.20891 1 3 0
1.2179 1 1 0
1.2179 1 3 0
1.21891 1 1 0
1.21891 1 3 0
1.2279 1 1 0
1.2279 1 3 0
1.22891 1 1 0
1.22891 1 3 0
1.2379 1 1 0
1.2379 1 3 0
1.23891 1 1 0
1.23891 1 3 0
1.2479 1 1 0
1.2479 1 3 0
1.24891 1 1 0
1.24891 1 3 0
1.2579 1 1 0
1.2579 1 3 0
1.25891 1 1 0
1.25891 1 3 0
1.2679 1 1 0
1.2679 1 3 0
1.26891 1 1 0
1.26891 1 3 0
1.2779 1 1 0
1.2779 1 3 0
1.27891 1 1 0
1.27891 1 3 0
1.2879 1 1 0
1.2879 1 3 0
1.28891 1 1 0
1.28891 1 3 0
1.2979 1 1 0
1.2979 1 3 0
1.29891 1 1 0
1.29891 1 3 0
1.3079 1 1 0
1.3079 1 3 0
1.30891 1 1 0
1.30891 1 3 0
1.3179 1 1 0
1.3179 1 3 0
1.31891 1 1 0
1.31891 1 3 0
1.3279 1 1 0
1.3279 1 3 0
1.32891 1 1 0
1.32891 1 3 0
1.3379 1 1 0
1.3379 1 3 0
1.33891 1 1 0
1.33891 1 3 0
1.3479 1 1 0
1.3479 1 3 0
1.34891 1 1 0
1.34891 1 3 0
1.3579 1 1 0
1.3579 1 3 0
1.35891 1 1 0
1.35891 1 3 0
1.3679 1 1 0
1.3679 1 3 0
1.36891 1 1 0
1.36891 1 3 0
1.3779 1 1 0
1.3779 1 3 0
1.37891 1 1 0
1.37891 1 3 0
1.3879 1 1 0
1.3879 1 3 0
1.38891 1 1 0
1.38891 1 3 0
1.3979 1 1 0
1.3979 1 3 0
1.39891 1 1 0
1.39891 1 3 0
1.4079 1 1 0
1.4079 1 3 0
1.40891 1 1 0
1.40891 1 3 0
1.4179 1 1 0
1.4179 1 3 0
1.41891 1 1 0
1.41891 1 3 0
1.4279 1 1 0
1.4279 1 3 0
1.42891 1 1 0
1.42891 1 3 0
1.4379 1 1 0
1.4379 1 3 0
1.43891 1 1 0
1.43891 1 3 0
1.4479 1 1 0
1.4479 1 3 0
1.44891 1 1 0
1.44891 1 3 0
1.4579 1 1 0
1.4579 1 3 0
1.45891 1 1 0
1.45891 1 3 0
1.4679 1 1 0
1.4679 1 3 0
1.46891 1 1 0
1.46891 1 3 0
1.4779 1 1 0
1.4779 1 3 0
1.47891 1 1 0
1.47891 1 3 0
1.4879 1 1 0
1.4879 1 3 0
1.48891 1 1 0
1.48891 1 3 0
1.4979 1 1 0
1.4979 1 3 0
1.49891 1 1 0
1.49891 1 3 0
1.5079 1 1 0
1.5079 1 3 0
1.50891 1 1 0
1.50891 1 3 0
1.5179 1 1 0
1.5179 1 3 0
1.51891 1 1 0
1.51891 1 3 0
1.5279 1 1 0
1.5279 1 3 0
1.52891 1 1 0
1.52891 1 3 0
1.5379 1 1 0
1.5379 1 3 0
1.53891 1 1 0
1.53891 1 3 0
1.5479 1 1 0
1.5479 1 3 0
1.54891 1 1 0
1.54891 1 3 0
1.5579 1 1 0
1.5579 1 3 0
1.55891 1 1 0
1.55891 1 3 0
1.5679 1 1 0
1.5679 1 3 0
1.56891 1 1 0
1.56891 1 3 0
1.5779 1 1 0
1.5779 1 3 0
1.57891 1 1 0
1.57891 1 3 0
1.5879 1 1 0
1.5879 1 3 0
1.58891 1 1 0
1.58891 1 3 0
1.5979 1 1 0
1.5979 1 3 0
1.59891 1 1 0
1.59891 1 3 0
1.6079 1 1 0
1.6079 1 3 0
1.60891 1 1 0
1.60891 1 3 0
1.6179 1 1 0
1.6179 1 3 0
1.61891 1 1 0
1.61891 1 3 0
1.6279 1 1 0
1.6279 1 3 0
1.62891 1 1 0
1.62891 1 3 0
1.6379 1 1 0
1.6379 1 3 0
1.63891 1 1 0
1.63891 1 3 0
1.6479 1 1 0
1.6479 1 3 0
1.64891 1 1 0
1.64891 1 3 0
1.6579 1 1 0
1.6579 1 3 0
1.65891 1 1 0
1.65891 1 3 0
1.6679 1 1 0
1.6679 1 3 0
1.66891 1 1 0
1.66891 1 3 0
1.6779 1 1 0
1.6779 1 3 0
1.67891 1 1 0
1.67891 1 3 0
1.6879 1 1 0
1.6879 1 3 0
1.68891 1 1 0
1.68891 1 3 0
1.6979 1 1 0
1.6979 1 3 0
1.69891 1 1 0
1.69891 1 3 0
1.7079 1 1 0
1.7079 1 3 0
1.70891 1 1 0
1.70891 1 3 0
1.7179 1 1 0
1.7179 1 3 0
1.71891 1 1 0
1.71891 1 3 0
1.7279 1 1 0
1.7279 1 3 0
1.72891 1 1 0
1.72891 1 3 0
1.7379 1 1 0
1.7379 1 3 0
1.73891 1 1 0
1.73891 1 3 0
1.7479 1 1 0
1.7479 1 3 0
1.74891 1 1 0
1.74891 1 3 0
1.7579 1 1 0
1.7579 1 3 0
1.75891 1 1 0
1.75891 1 3 0
1.7679 1 1 0
1.7679 1 3 0
1.76891 1 1 0
1.76891 1 3 0
1.7779 1 1 0
1.7779 1 3 0
1.77891 1 1 0
1.77891 1 3 0
1.7879 1 1 0
1.7879 1 3 0
1.78891 1 1 0
1.78891 1 3 0
1.7979 1 1 0
1.7979 1 3 0
1.79891 1 1 0
1.79891 1 3 0
1.8079 1 1 0
1.8079 1 3 0
1.80891 1 1 0
1.80891 1 3 0
1.8179 1 1 0
1.8179 1 3 0
1.81891 1 1 0
1.81891 1 3 0
1.8279 1 1 0
1.8279 1 3 0
1.82891 1 1 0
1.82891 1 3 0
1.8379 1 1 0
1.8379 1 3 0
1.83891 1 1 0
1.83891 1 3 0
1.8479 1 1 0
1.8479 1 3 0
1.84891 1 1 0
1.84891 1 3 0
1.8579 1 1 0
1.8579 1 3 0
1.85891 1 1 0
1.85891 1 3 0
1.8679 1 1 0
1.8679 1 3 0
1.86891 1 1 0
1.86891 1 3 0
1.8779 1 1 0
1.8779 1 3 0
1.87891 1 1 0
1.87891 1 3 0
1.8879 1 1 0
1.8879 1 3 0
1.88891 1 1 0
1.88891 1 3 0
1.8979 1 1 0
1.8979 1 3 0
1.89891 1 1 0
1.89891 1 3 0
1.9079 1 1 0
1.9079 1 3 0
1.90891 1 1 0
1.90891 1 3 0
1.9179 1 1 0
1.9179 1 3 0
1.91891 1 1 0
1.91891 1 3 0
1.9279 1 1 0
1.9279 1 3 0
1.92891 1 1 0
1.92891 1 3 0
1.9379 1 1 0
1.9379 1 3 0
1.93891 1 1 0
1.93891 1 3 0
1.9479 1 1 0
1.9479 1 3 0
1.94891 1 1 0
1.94891 1 3 0
1.9579 1 1 0
1.9579 1 3 0
1.95891 1 1 0
1.95891 1 3 0
1.9679 1 1 0
1.9679 1 3 0
1.96891 1 1 0
1.96891 1 3 0
1.9779 1 1 0
1.9779 1 3 0
1.97891 1 1 0
1.97891 1 3 0
1.9879 1 1 0
1.9879 1 3 0
1.98891 1 1 0
1.98891 1 3 0
1.9979 1 1 0
1.9979 1 3 0
1.99891 1 1 0
1.99891 1 3 0
2.0079 1 1 0
2.0079 1 3 0
2.00891 1 1 0
2.00891 1 3 0
2.0179 1 1 0
2.0179 1 3 0
2.01891 1 1 0
2.01891 1 3 0
2.0279 1 1 0
2.0279 1 3 0
2.02891 1 1 0
2.02891 1 3 0
2.0379 1 1 0
2.0379 1 3 0
2.03891 1 1 0
2.03891 1 3 0
2.0479 1 1 0
2.0479 1 3 0
2.04891 1 1 0
2.04891 1 3 0
2.0579 1 1 0
2.0579 1 3 0
2.05891 1 1 0
2.05891 1 3 0
2.0679 1 1 0
2.0679 1 3 0
2.06891 1 1 0
2.06891 1 3 0
2.0779 1 1 0
2.0779 1 3 0
2.07891 1 1 0
2.07891 1 3 0
2.0879 1 1 0
2.0879 1 3 0
2.08891 1 1 0
2.08891 1 3 0
2.0979 1 1 0
2.0979 1 3 0
2.09891 1 1 0
2.09891 1 3 0
2.1079 1 1 0
2.1079 1 3 0
2.10891 1 1 0
2.10891 1 3 0
2.1179 1 1 0
2.1179 1 3 0
2.11891 1 1 0
2.11891 1 3 0
2.1279 1 1 0
2.1279 1 3 0
2.12891 1 1 0
2.12891 1 3 0
2.1379 1 1 0
2.1379 1 3 0
2.13891 1 1 0
2.13891 1 3 0
2.1479 1 1 0
2.1479 1 3 0
2.14891 1 1 0
2.14891 1 3 0
2.1579 1 1 0
2.1579 1 3 0
2.15891 1 1 0
2.15891 1 3 0
2.1679 1 1 0
2.1679 1 3 0
2.16891 1 1 0
2.16891 1 3 0
2.1779 1 1 0
2.1779 1 3 0
2.17891 1 1 0
2.17891 1 3 0
2.1879 1 1 0
2.1879 1 3 0
2.18891 1 1 0
2.18891 1 3 0
2.1979 1 1 0
2.1979 1 3 0
2.19891 1 1 0
2.19891 1 3 0
2.2079 1 1 0
2.2079 1 3 0
2.20891 1 1 0
2.20891 1 3 0
2.2179 1 1 0
2.2179 1 3 0
2.21891 1 1 0
2.21891 1 3 0
2.2279 1 1 0
2.2279 1 3 0
2.22891 1 1 0
2.22891 1 3 0
2.2379 1 1 0
2.2379 1 3 0
2.23891 1 1 0
2.23891 1 3 0
2.2479 1 1 0
2.2479 1 3 0
2.24891 1 1 0
2.24891 1 3 0
2.2579 1 1 0
2.2579 1 3 0
2.25891 1 1 0
2.25891 1 3 0
2.2679 1 1 0
2.2679 1 3 0
2.26891 1 1 0
2.26891 1 3 0
2.2779 1 1 0
2.2779 1 3 0
2.27891 1 1 0
2.27891 1 3 0
2.2879 1 1 0
2.2879 1 3 0
2.28891 1 1 0
2.28891 1 3 0
2.2979 1 1 0
2.2979 1 3 0
2.29891 1 1 0
2.29891 1 3 0
2.3079 1 1 0
2.3079 1 3 0
2.30891 1 1 0
2.30891 1 3 0
2.3179 1 1 0
2.3179 1 3 0
2.31891 1 1 0
2.31891 1 3 0
2.3279 1 1 0
2.3279 1 3 0
2.32891 1 1 0
2.32891 1 3 0
2.3379 1 1 0
2.3379 1 3 0
2.33891 1 1 0
2.33891 1 3 0
2.3479 1 1 0
2.3479 1 3 0
2.34891 1 1 0
2.34891 1 3 0
2.3579 1 1 0
2.3579 1 3 0
2.35891 1 1 0
2.35891 1 3 0
2.3679 1 1 0
2.3679 1 3 0
2.36891 1 1 0
2.36891 1 3 0
2.3779 1 1 0
2.3779 1 3 0
2.37891 1 1 0
2.37891 1 3 0
2.3879 1 1 0
2.3879 1 3 0
2.38891 1 1 0
2.38891 1 3 0
2.3979 1 1 0
2.3979 1 3 0
2.39891 1 1 0
2.39891 1 3 0
2.4079 1 1 0
2.4079 1 3 0
2.40891 1 1 0
2.40891 1 3 0
2.4179 1 1 0
2.4179 1 3 0
2.41891 1 1 0
2.41891 1 3 0
2.4279 1 1 0
2.4279 1 3 0
2.42891 1 1 0
2.42891 1 3 0
2.4379 1 1 0
2.4379 1 3 0
2.43891 1 1 0
2.43891 1 3 0
2.4479 1 1 0
2.4479 1 3 0
2.44891 1 1 0
2.44891 1 3 0
2.4579 1 1 0
2.4579 1 3 0
2.45891 1 1 0
2.45891 1 3 0
2.4679 1 1 0
2.4679 1 3 0
2.46891 1 1 0
2.46891 1 3 0
2.4779 1 1 0
2.4779 1 3 0
2.47891 1 1 0
2.47891 1 3 0
2.4879 1 1 0
2.4879 1 3 0
2.48891 1 1 0
2.48891 1 3 0
2.4979 1 1 0
2.4979 1 3 0
2.49891 1 1 0
2.49891 1 3 0
2.5079 1 1 0
2.5079 1 3 0
2.50891 1 1 0
2.50891 1 3 0
2.5179 1 1 0
2.5179 1 3 0
2.51891 1 1 0
2.51891 1 3 0
2.5279 1 1 0
2.5279 1 3 0
2.52891 1 1 0
2.52891 1 3 0
2.5379 1 1 0
2.5379 1 3 0
2.53891 1 1 0
2.53891 1 3 0
2.5479 1 1 0
2.5479 1 3 0
2.54891 1 1 0
2.54891 1 3 0
2.5579 1 1 0
2.5579 1 3 0
2.55891 1 1 0
2.55891 1 3 0
2.5679 1 1 0
2.5679 1 3 0
2.56891 1 1 0
2.56891 1 3 0
2.5779 1 1 0
2.5779 1 3 0
2.57891 1 1 0
2.57891 1 3 0
2.5879 1 1 0
2.5879 1 3 0
2.58891 1 1 0
2.58891 1 3 0
2.5979 1 1 0
2.5979 1 3 0
2.59891 1 1 0
2.59891 1 3 0
2.6079 1 1 0
2.6079 1 3 0
2.60891 1 1 0
2.60891 1 3 0
2.6179 1 1 0
2.6179 1 3 0
2.61891 1 1 0
2.61891 1 3 0
2.6279 1 1 0
2.6279 1 3 0
2.62891 1 1 0
2.62891 1 3 0
2.6379 1 1 0
2.6379 1 3 0
2.63891 1 1 0
2.63891 1 3 0
2.6479 1 1 0
2.6479 1 3 0
2.64891 1 1 0
2.64891 1 3 0
2.6579 1 1 0
2.6579 1 3 0
2.65891 1 1 0
2.65891 1 3 0
2.6679 1 1 0
2.6679 1 3 0
2.66891 1 1 0
2.66891 1 3 0
