Rx 0.0219286 1 1 1 8 4714285
Rx 0.0419286 1 1 1 2 0
Rx 0.0419286 1 1 1 7 4714285
Rx 0.0699083 3 1 1 7 304160
Rx 0.0910083 3 1 1 2 0
Rx 0.0910083 3 1 1 2 0
Rx 0.0910083 3 1 1 7 304160
Rx 0.0910083 3 1 1 7 304160
Rx 0.252129 3 1 3 2 0
Rx 0.259821 2 1 1 7 316640
Rx 0.280921 2 1 1 2 0
Rx 0.280921 2 1 1 2 0
Rx 0.280921 2 1 1 7 316640
Rx 0.280921 2 1 1 7 316640
Rx 0.288921 2 1 3 2 0
Rx 0.299221 2 1 3 2 0
Rx 0.309521 2 1 3 2 0
Rx 0.319821 2 1 3 2 0
Rx 0.330121 2 1 3 2 0
Rx 0.340421 2 1 3 2 0
Rx 0.350721 2 1 3 2 0
Rx 0.361021 2 1 3 2 0
Rx 0.371321 2 1 3 2 0
Rx 0.381621 2 1 3 2 0
Rx 0.391921 2 1 3 2 0
Rx 0.402221 2 1 3 2 0
Rx 0.412521 2 1 3 2 0
Rx 0.422821 2 1 3 2 0
Rx 0.433121 2 1 3 2 0
Rx 0.443421 2 1 3 2 0
Rx 0.453721 2 1 3 2 0
Rx 0.464021 2 1 3 2 0
Rx 0.474321 2 1 3 2 0
Rx 0.484621 2 1 3 2 0
Rx 0.494921 2 1 3 2 0
Rx 0.505221 2 1 3 2 0
Rx 0.515521 2 1 3 2 0
Rx 0.525821 2 1 3 2 0
Rx 0.536121 2 1 3 2 0
Rx 0.546421 2 1 3 2 0
Rx 0.556721 2 1 3 2 0
Rx 0.567021 2 1 3 2 0
Rx 0.577321 2 1 3 2 0
Rx 0.587621 2 1 3 2 0
Rx 0.597921 2 1 3 2 0
Rx 0.608221 2 1 3 2 0
Rx 0.618521 2 1 3 2 0
Rx 0.628821 2 1 3 2 0
Rx 0.639121 2 1 3 2 0
Rx 0.649421 2 1 3 2 0
Rx 0.659721 2 1 3 2 0
Rx 0.670021 2 1 3 2 0
Rx 0.680321 2 1 3 2 0
Rx 0.690621 2 1 3 2 0
Rx 0.700921 2 1 3 2 0
Rx 0.711221 2 1 3 2 0
Rx 0.721521 2 1 3 2 0
Rx 0.731821 2 1 3 2 0
Rx 0.742121 2 1 3 2 0
Rx 0.752421 2 1 3 2 0
Rx 0.762721 2 1 3 2 0
Rx 0.773021 2 1 3 2 0
Rx 0.783321 2 1 3 2 0
Rx 0.793621 2 1 3 2 0
Rx 0.803921 2 1 3 2 0
Rx 0.814221 2 1 3 2 0
Rx 0.824521 2 1 3 2 0
Rx 0.834821 2 1 3 2 0
Rx 0.845121 2 1 3 2 0
Rx 0.855421 2 1 3 2 0
Rx 0.865721 2 1 3 2 0
Rx 0.876021 2 1 3 2 0
Rx 0.886321 2 1 3 2 0
Rx 0.896621 2 1 3 2 0
Rx 0.906921 2 1 3 2 0
Rx 0.917221 2 1 3 2 0
Rx 0.927521 2 1 3 2 0
Rx 0.937821 2 1 3 2 0
Rx 0.948121 2 1 3 2 0
Rx 0.958421 2 1 3 2 0
Rx 0.968721 2 1 3 2 0
Rx 0.979021 2 1 3 2 0
Rx 0.989321 2 1 3 2 0
Rx 0.999621 2 1 3 2 0
Rx 1.00992 2 1 3 2 0
Rx 1.02022 2 1 3 2 0
Rx 1.03052 2 1 3 2 0
Rx 1.04082 2 1 3 2 0
Rx 1.05112 2 1 3 2 0
Rx 1.06142 2 1 3 2 0
Rx 1.07172 2 1 3 2 0
Rx 1.08202 2 1 3 2 0
Rx 1.09232 2 1 3 2 0
Rx 1.10262 2 1 3 2 0
Rx 1.11292 2 1 3 2 0
Rx 1.12322 2 1 3 2 0
Rx 1.13352 2 1 3 2 0
Rx 1.14382 2 1 3 2 0
Rx 1.15412 2 1 3 2 0
Rx 1.16442 2 1 3 2 0
Rx 1.17472 2 1 3 2 0
Rx 1.18502 2 1 3 2 0
Rx 1.19532 2 1 3 2 0
Rx 1.20562 2 1 3 2 0
Rx 1.21592 2 1 3 2 0
Rx 1.22622 2 1 3 2 0
Rx 1.23652 2 1 3 2 0
Rx 1.24682 2 1 3 2 0
Rx 1.25712 2 1 3 2 0
Rx 1.26742 2 1 3 2 0
Rx 1.27772 2 1 3 2 0
Rx 1.28802 2 1 3 2 0
Rx 1.29832 2 1 3 2 0
Rx 1.30862 2 1 3 2 0
Rx 1.31892 2 1 3 2 0
Rx 1.32922 2 1 3 2 0
Rx 1.33952 2 1 3 2 0
Rx 1.34982 2 1 3 2 0
Rx 1.36012 2 1 3 2 0
Rx 1.37042 2 1 3 2 0
Rx 1.38072 2 1 3 2 0
Rx 1.39102 2 1 3 2 0
Rx 1.40132 2 1 3 2 0
Rx 1.41162 2 1 3 2 0
Rx 1.42192 2 1 3 2 0
Rx 1.43222 2 1 3 2 0
Rx 1.44252 2 1 3 2 0
Rx 1.45282 2 1 3 2 0
Rx 1.46312 2 1 3 2 0
Rx 1.47342 2 1 3 2 0
Rx 1.48372 2 1 3 2 0
Rx 1.49402 2 1 3 2 0
Rx 1.50432 2 1 3 2 0
Rx 1.51462 2 1 3 2 0
Rx 1.52492 2 1 3 2 0
Rx 1.53522 2 1 3 2 0
Rx 1.54552 2 1 3 2 0
Rx 1.55582 2 1 3 2 0
Rx 1.56612 2 1 3 2 0
Rx 1.57642 2 1 3 2 0
Rx 1.58672 2 1 3 2 0
Rx 1.59702 2 1 3 2 0
Rx 1.60732 2 1 3 2 0
Rx 1.61762 2 1 3 2 0
Rx 1.62792 2 1 3 2 0
Rx 1.63822 2 1 3 2 0
Rx 1.64852 2 1 3 2 0
Rx 1.65882 2 1 3 2 0
Rx 1.66912 2 1 3 2 0
Rx 1.67942 2 1 3 2 0
Rx 1.68972 2 1 3 2 0
Rx 1.70002 2 1 3 2 0
Rx 1.71032 2 1 3 2 0
Rx 1.72062 2 1 3 2 0
Rx 1.73092 2 1 3 2 0
Rx 1.74122 2 1 3 2 0
Rx 1.75152 2 1 3 2 0
Rx 1.76182 2 1 3 2 0
Rx 1.77212 2 1 3 2 0
Rx 1.78242 2 1 3 2 0
Rx 1.79272 2 1 3 2 0
Rx 1.80302 2 1 3 2 0
Rx 1.81332 2 1 3 2 0
Rx 1.82362 2 1 3 2 0
Rx 1.83392 2 1 3 2 0
Rx 1.84422 2 1 3 2 0
Rx 1.85452 2 1 3 2 0
Rx 1.86482 2 1 3 2 0
Rx 1.87512 2 1 3 2 0
Rx 1.88542 2 1 3 2 0
Rx 1.89572 2 1 3 2 0
Rx 1.90602 2 1 3 2 0
Rx 1.91632 2 1 3 2 0
Rx 1.92662 2 1 3 2 0
Rx 1.93692 2 1 3 2 0
Rx 1.94722 2 1 3 2 0
Rx 1.95752 2 1 3 2 0
Rx 1.96782 2 1 3 2 0
Rx 1.97812 2 1 3 2 0
Rx 1.98842 2 1 3 2 0
Rx 1.99872 2 1 3 2 0
Rx 2.00902 2 1 3 2 0
Rx 2.01932 2 1 3 2 0
Rx 2.02962 2 1 3 2 0
Rx 2.03992 2 1 3 2 0
Rx 2.05022 2 1 3 2 0
Rx 2.06052 2 1 3 2 0
Rx 2.07082 2 1 3 2 0
Rx 2.08112 2 1 3 2 0
Rx 2.09142 2 1 3 2 0
Rx 2.10172 2 1 3 2 0
Rx 2.11202 2 1 3 2 0
Rx 2.12232 2 1 3 2 0
Rx 2.13262 2 1 3 2 0
Rx 2.14292 2 1 3 2 0
Rx 2.15322 2 1 3 2 0
Rx 2.16352 2 1 3 2 0
Rx 2.17382 2 1 3 2 0
Rx 2.18412 2 1 3 2 0
Rx 2.19442 2 1 3 2 0
Rx 2.20472 2 1 3 2 0
Rx 2.21502 2 1 3 2 0
Rx 2.22532 2 1 3 2 0
Rx 2.23562 2 1 3 2 0
Rx 2.24592 2 1 3 2 0
Rx 2.25622 2 1 3 2 0
Rx 2.26652 2 1 3 2 0
Rx 2.27682 2 1 3 2 0
Rx 2.28712 2 1 3 2 0
Rx 2.29742 2 1 3 2 0
Rx 2.30772 2 1 3 2 0
Rx 2.31802 2 1 3 2 0
Rx 2.32832 2 1 3 2 0
Rx 2.33862 2 1 3 2 0
Rx 2.34892 2 1 3 2 0
Rx 2.35922 2 1 3 2 0
Rx 2.36952 2 1 3 2 0
Rx 2.37982 2 1 3 2 0
Rx 2.39012 2 1 3 2 0
Rx 2.40042 2 1 3 2 0
Rx 2.41072 2 1 3 2 0
Rx 2.42102 2 1 3 2 0
Rx 2.43132 2 1 3 2 0
Rx 2.44162 2 1 3 2 0
Rx 2.45192 2 1 3 2 0
Rx 2.46222 2 1 3 2 0
Rx 2.47252 2 1 3 2 0
Rx 2.48282 2 1 3 2 0
Rx 2.49312 2 1 3 2 0
Rx 2.50342 2 1 3 2 0
Rx 2.51372 2 1 3 2 0
Rx 2.52402 2 1 3 2 0
Rx 2.53432 2 1 3 2 0
Rx 2.54462 2 1 3 2 0
Rx 2.55492 2 1 3 2 0
Rx 2.56522 2 1 3 2 0
Rx 2.57552 2 1 3 2 0
Rx 2.58582 2 1 3 2 0
Rx 2.59612 2 1 3 2 0
Rx 2.60642 2 1 3 2 0
Rx 2.61672 2 1 3 2 0
Rx 2.62702 2 1 3 2 0
Rx 2.63732 2 1 3 2 0
Rx 2.64762 2 1 3 2 0
Rx 2.65792 2 1 3 2 0
Rx 2.66822 2 1 3 2 0
