0.000214285 0 1 4156.78
0.00121429 0 1 4156.78
0.00221428 0 1 4156.78
0.00321428 0 1 4156.78
0.00421428 0 1 4156.78
0.00521428 0 1 4156.78
0.00621428 0 1 4156.78
0.00721428 1 1 4156.78
0.00821428 1 1 4156.78
0.00921428 1 1 4156.78
0.0102143 1 1 4156.78
0.0112143 1 1 4156.78
0.0122143 1 1 4156.78
0.0132143 1 1 4156.78
0.0142143 1 1 4156.78
0.0152143 1 1 4156.78
0.0162143 1 1 4156.78
0.0172143 1 1 4156.78
0.0182143 1 1 4156.78
0.0192143 1 1 4156.78
0.0202143 1 1 4156.78
0.0212143 1 1 4156.78
0.0222143 1 1 4156.78
0.0232143 1 1 4156.78
0.0242143 1 1 4156.78
0.0252143 1 1 4156.78
0.0262143 1 1 4156.78
0.0272143 1 1 4156.78
0.0282143 1 1 4156.78
0.0292143 1 1 4156.78
0.0302143 1 1 4156.78
0.0312143 1 1 4156.78
0.0322143 1 1 4156.78
0.0332143 1 1 4156.78
0.0342143 1 1 4156.78
0.0352143 1 1 4156.78
0.0362143 1 1 4156.78
0.0372143 1 1 4156.78
0.0382143 1 1 4156.78
0.0392143 1 1 4156.78
0.0402143 1 1 4156.78
0.0412143 1 1 4156.78
0.0422143 1 1 4156.78
0.0432143 1 1 4156.78
0.0442143 1 1 4156.78
0.0452143 1 1 4156.78
0.0462143 1 1 4156.78
0.0472143 1 1 4156.78
0.0482143 1 1 4156.78
0.0492143 1 1 4156.78
0.0502143 1 1 4156.78
0.0512143 1 1 4156.78
0.0522143 1 1 4156.78
0.0532143 1 1 4156.78
0.0542143 1 1 4156.78
0.0552143 1 1 4156.78
0.0562143 1 1 4156.78
0.0572143 1 1 4156.78
0.0582143 1 1 4156.78
0.0592143 1 1 4156.78
0.0602143 1 1 4156.78
0.0612143 1 1 4156.78
0.0622143 1 1 4156.78
0.0632143 1 1 4156.78
0.0642143 1 1 4156.78
0.0652143 1 1 4156.78
0.0662143 1 1 4156.78
0.0672143 1 1 4156.78
0.0682143 1 1 4156.78
0.0692143 1 1 4156.78
0.0702143 1 1 4156.78
0.0712143 1 1 4156.78
0.0722143 1 1 4156.78
0.0732143 1 1 4156.78
0.0742143 1 1 4156.78
0.0752143 1 1 4156.78
0.0762143 1 1 4156.78
0.0772143 1 1 4156.78
0.0782143 1 1 4156.78
0.0792143 1 1 4156.78
0.0802143 1 1 4156.78
0.0812143 1 1 4156.78
0.0822143 1 1 4156.78
0.0832143 1 1 4156.78
0.0842143 1 1 4156.78
0.0852143 1 1 4156.78
0.0862143 1 1 4156.78
0.0872143 1 1 4156.78
0.0882143 1 1 4156.78
0.0892143 1 1 4156.78
0.0902143 1 1 4156.78
0.0912143 1 1 4156.78
0.0922143 1 1 4156.78
0.0932143 1 1 4156.78
0.0942143 1 1 4156.78
0.0952143 1 1 4156.78
0.0962143 1 1 4156.78
0.0972143 1 1 4156.78
0.0982143 1 1 4156.78
0.0992143 1 1 4156.78
0.100214 1 1 4156.78
0.101214 1 1 4156.78
0.102214 1 1 4156.78
0.103214 1 1 4156.78
0.104214 1 1 4156.78
0.105214 1 1 4156.78
0.106214 1 1 4156.78
0.107214 1 1 4156.78
0.108214 1 1 4156.78
0.109214 1 1 4156.78
0.110214 1 1 4156.78
0.111214 1 1 4156.78
0.112214 1 1 4156.78
0.113214 1 1 4156.78
0.114214 1 1 4156.78
0.115214 1 1 4156.78
0.116214 1 1 4156.78
0.117214 1 1 4156.78
0.118214 1 1 4156.78
0.119214 1 1 4156.78
0.120214 1 1 4156.78
0.121214 1 1 4156.78
0.122214 1 1 4156.78
0.123214 1 1 4156.78
0.124214 1 1 4156.78
0.125214 1 1 4156.78
0.126214 1 1 4156.78
0.127214 1 1 4156.78
0.128214 1 1 4156.78
0.129214 1 1 4156.78
0.130214 1 1 4156.78
0.131214 1 1 4156.78
0.132214 1 1 4156.78
0.133214 1 1 4156.78
0.134214 1 1 4156.78
0.135214 1 1 4156.78
0.136214 1 1 4156.78
0.137214 1 1 4156.78
0.138214 1 1 4156.78
0.139214 1 1 4156.78
0.140214 1 1 4156.78
0.141214 1 1 4156.78
0.142214 1 1 4156.78
0.143214 1 1 4156.78
0.144214 1 1 4156.78
0.145214 1 1 4156.78
0.146214 1 1 4156.78
0.147214 1 1 4156.78
0.148214 1 1 4156.78
0.149214 1 1 4156.78
0.150214 1 1 4156.78
0.151214 1 1 4156.78
0.152214 1 1 4156.78
0.153214 1 1 4156.78
0.154214 1 1 4156.78
0.155214 1 1 4156.78
0.156214 1 1 4156.78
0.157214 1 1 4156.78
0.158214 1 1 4156.78
0.159214 1 1 4156.78
0.160214 1 1 4156.78
0.161214 1 1 4156.78
0.162214 1 1 4156.78
0.163214 1 1 4156.78
0.164214 1 1 4156.78
0.165214 1 1 4156.78
0.166214 1 1 4156.78
0.167214 1 1 4156.78
0.168214 1 1 4156.78
0.169214 1 1 4156.78
0.170214 1 1 4156.78
0.171214 1 1 4156.78
0.172214 1 1 4156.78
0.173214 1 1 4156.78
0.174214 1 1 4156.78
0.175214 1 1 4156.78
0.176214 1 1 4156.78
0.177214 1 1 4156.78
0.178214 1 1 4156.78
0.179214 1 1 4156.78
0.180214 1 1 4156.78
0.181214 1 1 4156.78
0.182214 1 1 4156.78
0.183214 1 1 4156.78
0.184214 1 1 4156.78
0.185214 1 1 4156.78
0.186214 1 1 4156.78
0.187214 1 1 4156.78
0.188214 1 1 4156.78
0.189214 1 1 4156.78
0.190214 1 1 4156.78
0.191214 1 1 4156.78
0.192214 1 1 4156.78
0.193214 1 1 4156.78
0.194214 1 1 4156.78
0.195214 1 1 4156.78
0.196214 1 1 4156.78
0.197214 1 1 4156.78
0.198214 1 1 4156.78
0.199214 1 1 4156.78
0.200214 1 1 4156.78
0.201214 1 1 4156.78
0.202214 1 1 4156.78
0.203214 1 1 4156.78
0.204214 1 1 4156.78
0.205214 1 1 4156.78
0.206214 1 1 4156.78
0.207214 1 1 4156.78
0.208214 1 1 4156.78
0.209214 1 1 4156.78
0.210214 1 1 4156.78
0.211214 1 1 4156.78
0.212214 1 1 4156.78
0.213214 1 1 4156.78
0.214214 1 1 4156.78
0.215214 1 1 4156.78
0.216214 1 1 4156.78
0.217214 1 1 4156.78
0.218214 1 1 4156.78
0.219214 1 1 4156.78
0.220214 1 1 4156.78
0.221214 1 1 4156.78
0.222214 1 1 4156.78
0.223214 1 1 4156.78
0.224214 1 1 4156.78
0.225214 1 1 4156.78
0.226214 1 1 4156.78
0.227214 1 1 4156.78
0.228214 1 1 4156.78
0.229214 1 1 4156.78
0.230214 1 1 4156.78
0.231214 1 1 4156.78
0.232214 1 1 4156.78
0.233214 1 1 4156.78
0.234214 1 1 4156.78
0.235214 1 1 4156.78
0.236214 1 1 4156.78
0.237214 1 1 4156.78
0.238214 1 1 4156.78
0.239214 1 1 4156.78
0.240214 1 1 4156.78
0.241214 1 1 4156.78
0.242214 1 1 4156.78
0.243214 1 1 4156.78
0.244214 1 1 4156.78
0.245214 1 1 4156.78
0.246214 1 1 4156.78
0.247214 1 1 4156.78
0.248214 1 1 4156.78
0.249214 1 1 4156.78
0.250214 1 1 4156.78
0.251214 1 1 4156.78
0.252214 1 1 4156.78
0.253214 1 1 4156.78
0.254214 1 1 4156.78
0.255214 1 1 4156.78
0.256214 1 1 4156.78
0.257214 1 1 4156.78
0.258214 1 1 4156.78
0.259214 1 1 4156.78
0.260214 1 1 4156.78
0.261214 1 1 4156.78
0.262214 1 1 4156.78
0.263214 1 1 4156.78
0.264214 1 1 4156.78
0.265214 1 1 4156.78
0.266214 1 1 4156.78
0.267214 1 1 4156.78
0.268214 1 1 4156.78
0.269214 1 1 4156.78
0.270214 1 1 4156.78
0.271214 1 1 4156.78
0.272214 1 1 4156.78
0.273214 1 1 4156.78
0.274214 1 1 4156.78
0.275214 1 1 4156.78
0.276214 1 1 4156.78
0.277214 1 1 4156.78
0.278214 1 1 4156.78
0.279214 1 1 4156.78
0.280214 1 1 4156.78
0.281214 1 1 4156.78
0.282214 1 1 4156.78
0.283214 1 1 4156.78
0.284214 1 1 4156.78
0.285214 1 1 4156.78
0.286214 1 1 4156.78
0.287214 1 1 4156.78
0.288214 1 1 4156.78
0.289214 1 1 4156.78
0.290214 1 1 4156.78
0.291214 1 1 4156.78
0.292214 1 1 4156.78
0.293214 1 1 4156.78
0.294214 1 1 4156.78
0.295214 1 1 4156.78
0.296214 1 1 4156.78
0.297214 1 1 4156.78
0.298214 1 1 4156.78
0.299214 1 1 4156.78
0.300214 1 1 4156.78
0.301214 1 1 4156.78
0.302214 1 1 4156.78
0.303214 1 1 4156.78
0.304214 1 1 4156.78
0.305214 1 1 4156.78
0.306214 1 1 4156.78
0.307214 1 1 4156.78
0.308214 1 1 4156.78
0.309214 1 1 4156.78
0.310214 1 1 4156.78
0.311214 1 1 4156.78
0.312214 1 1 4156.78
0.313214 1 1 4156.78
0.314214 1 1 4156.78
0.315214 1 1 4156.78
0.316214 1 1 4156.78
0.317214 1 1 4156.78
0.318214 1 1 4156.78
0.319214 1 1 4156.78
0.320214 1 1 4156.78
0.321214 1 1 4156.78
0.322214 1 1 4156.78
0.323214 1 1 4156.78
0.324214 1 1 4156.78
0.325214 1 1 4156.78
0.326214 1 1 4156.78
0.327214 1 1 4156.78
0.328214 1 1 4156.78
0.329214 1 1 4156.78
0.330214 1 1 4156.78
0.331214 1 1 4156.78
0.332214 1 1 4156.78
0.333214 1 1 4156.78
0.334214 1 1 4156.78
0.335214 1 1 4156.78
0.336214 1 1 4156.78
0.337214 1 1 4156.78
0.338214 1 1 4156.78
0.339214 1 1 4156.78
0.340214 1 1 4156.78
0.341214 1 1 4156.78
0.342214 1 1 4156.78
0.343214 1 1 4156.78
0.344214 1 1 4156.78
0.345214 1 1 4156.78
0.346214 1 1 4156.78
0.347214 1 1 4156.78
0.348214 1 1 4156.78
0.349214 1 1 4156.78
0.350214 1 1 4156.78
0.351214 1 1 4156.78
0.352214 1 1 4156.78
0.353214 1 1 4156.78
0.354214 1 1 4156.78
0.355214 1 1 4156.78
0.356214 1 1 4156.78
0.357214 1 1 4156.78
0.358214 1 1 4156.78
0.359214 1 1 4156.78
0.360214 1 1 4156.78
0.361214 1 1 4156.78
0.362214 1 1 4156.78
0.363214 1 1 4156.78
0.364214 1 1 4156.78
0.365214 1 1 4156.78
0.366214 1 1 4156.78
0.367214 1 1 4156.78
0.368214 1 1 4156.78
0.369214 1 1 4156.78
0.370214 1 1 4156.78
0.371214 1 1 4156.78
0.372214 1 1 4156.78
0.373214 1 1 4156.78
0.374214 1 1 4156.78
0.375214 1 1 4156.78
0.376214 1 1 4156.78
0.377214 1 1 4156.78
0.378214 1 1 4156.78
0.379214 1 1 4156.78
0.380214 1 1 4156.78
0.381214 1 1 4156.78
0.382214 1 1 4156.78
0.383214 1 1 4156.78
0.384214 1 1 4156.78
0.385214 1 1 4156.78
0.386214 1 1 4156.78
0.387214 1 1 4156.78
0.388214 1 1 4156.78
0.389214 1 1 4156.78
0.390214 1 1 4156.78
0.391214 1 1 4156.78
0.392214 1 1 4156.78
0.393214 1 1 4156.78
0.394214 1 1 4156.78
0.395214 1 1 4156.78
0.396214 1 1 4156.78
0.397214 1 1 4156.78
0.398214 1 1 4156.78
0.399214 1 1 4156.78
0.400214 1 1 4156.78
0.401214 1 1 4156.78
0.402214 1 1 4156.78
0.403214 1 1 4156.78
0.404214 1 1 4156.78
0.405214 1 1 4156.78
0.406214 1 1 4156.78
0.407214 1 1 4156.78
0.408214 1 1 4156.78
0.409214 1 1 4156.78
0.410214 1 1 4156.78
0.411214 1 1 4156.78
0.412214 1 1 4156.78
0.413214 1 1 4156.78
0.414214 1 1 4156.78
0.415214 1 1 4156.78
0.416214 1 1 4156.78
0.417214 1 1 4156.78
0.418214 1 1 4156.78
0.419214 1 1 4156.78
0.420214 1 1 4156.78
0.421214 1 1 4156.78
0.422214 1 1 4156.78
0.423214 1 1 4156.78
0.424214 1 1 4156.78
0.425214 1 1 4156.78
0.426214 1 1 4156.78
0.427214 1 1 4156.78
0.428214 1 1 4156.78
0.429214 1 1 4156.78
0.430214 1 1 4156.78
0.431214 1 1 4156.78
0.432214 1 1 4156.78
0.433214 1 1 4156.78
0.434214 1 1 4156.78
0.435214 1 1 4156.78
0.436214 1 1 4156.78
0.437214 1 1 4156.78
0.438214 1 1 4156.78
0.439214 1 1 4156.78
0.440214 1 1 4156.78
0.441214 1 1 4156.78
0.442214 1 1 4156.78
0.443214 1 1 4156.78
0.444214 1 1 4156.78
0.445214 1 1 4156.78
0.446214 1 1 4156.78
0.447214 1 1 4156.78
0.448214 1 1 4156.78
0.449214 1 1 4156.78
0.450214 1 1 4156.78
0.451214 1 1 4156.78
0.452214 1 1 4156.78
0.453214 1 1 4156.78
0.454214 1 1 4156.78
0.455214 1 1 4156.78
0.456214 1 1 4156.78
0.457214 1 1 4156.78
0.458214 1 1 4156.78
0.459214 1 1 4156.78
0.460214 1 1 4156.78
0.461214 1 1 4156.78
0.462214 1 1 4156.78
0.463214 1 1 4156.78
0.464214 1 1 4156.78
0.465214 1 1 4156.78
0.466214 1 1 4156.78
0.467214 1 1 4156.78
0.468214 1 1 4156.78
0.469214 1 1 4156.78
0.470214 1 1 4156.78
0.471214 1 1 4156.78
0.472214 1 1 4156.78
0.473214 1 1 4156.78
0.474214 1 1 4156.78
0.475214 1 1 4156.78
0.476214 1 1 4156.78
0.477214 1 1 4156.78
0.478214 1 1 4156.78
0.479214 1 1 4156.78
0.480214 1 1 4156.78
0.481214 1 1 4156.78
0.482214 1 1 4156.78
0.483214 1 1 4156.78
0.484214 1 1 4156.78
0.485214 1 1 4156.78
0.486214 1 1 4156.78
0.487214 1 1 4156.78
0.488214 1 1 4156.78
0.489214 1 1 4156.78
0.490214 1 1 4156.78
0.491214 1 1 4156.78
0.492214 1 1 4156.78
0.493214 1 1 4156.78
0.494214 1 1 4156.78
0.495214 1 1 4156.78
0.496214 1 1 4156.78
0.497214 1 1 4156.78
0.498214 1 1 4156.78
0.499214 1 1 4156.78
0.500214 1 1 4156.78
0.501214 1 1 4157.35
0.502214 1 1 4157.91
0.503214 1 1 4158.48
0.504214 1 1 4159.05
0.505214 1 1 4159.62
0.506214 1 1 4160.19
0.507214 1 1 4160.75
0.508214 1 1 4161.32
0.509214 1 1 4161.89
0.510214 1 1 4162.46
0.511214 1 1 4163.03
0.512214 1 1 4163.6
0.513214 1 1 4164.17
0.514214 1 1 4164.74
0.515214 1 1 4165.31
0.516214 1 1 4165.88
0.517214 1 1 4166.45
0.518214 1 1 4167.02
0.519214 1 1 4167.58
0.520214 1 1 4168.15
0.521214 1 1 4168.72
0.522214 1 1 4169.29
0.523214 1 1 4169.87
0.524214 1 1 4170.44
0.525214 1 1 4171.01
0.526214 1 1 4171.58
0.527214 1 1 4172.15
0.528214 1 1 4172.72
0.529214 1 1 4173.29
0.530214 1 1 4173.86
0.531214 1 1 4174.43
0.532214 1 1 4175
0.533214 1 1 4175.57
0.534214 1 1 4176.14
0.535214 1 1 4176.72
0.536214 1 1 4177.29
0.537214 1 1 4177.86
0.538214 1 1 4178.43
0.539214 1 1 4179
0.540214 1 1 4179.58
0.541214 1 1 4180.15
0.542214 1 1 4180.72
0.543214 1 1 4181.29
0.544214 1 1 4181.87
0.545214 1 1 4182.44
0.546214 1 1 4183.01
0.547214 1 1 4183.58
0.548214 1 1 4184.16
0.549214 1 1 4184.73
0.550214 1 1 4185.3
0.551214 1 1 4185.88
0.552214 1 1 4186.45
0.553214 1 1 4187.02
0.554214 1 1 4187.6
0.555214 1 1 4188.17
0.556214 1 1 4188.75
0.557214 1 1 4189.32
0.558214 1 1 4189.89
0.559214 1 1 4190.47
0.560214 1 1 4191.04
0.561214 1 1 4191.62
0.562214 1 1 4192.19
0.563214 1 1 4192.77
0.564214 1 1 4193.34
0.565214 1 1 4193.92
0.566214 1 1 4194.49
0.567214 1 1 4195.07
0.568214 1 1 4195.64
0.569214 1 1 4196.22
0.570214 1 1 4196.79
0.571214 1 1 4197.37
0.572214 1 1 4197.94
0.573214 1 1 4198.52
0.574214 1 1 4199.09
0.575214 1 1 4199.67
0.576214 1 1 4200.25
0.577214 1 1 4200.82
0.578214 1 1 4201.4
0.579214 1 1 4201.98
0.580214 1 1 4202.55
0.581214 1 1 4203.13
0.582214 1 1 4203.71
0.583214 1 1 4204.28
0.584214 1 1 4204.86
0.585214 1 1 4205.44
0.586214 1 1 4206.01
0.587214 1 1 4206.59
0.588214 1 1 4207.17
0.589214 1 1 4207.75
0.590214 1 1 4208.32
0.591214 1 1 4208.9
0.592214 1 1 4209.48
0.593214 1 1 4210.06
0.594214 1 1 4210.64
0.595214 1 1 4211.21
0.596214 1 1 4211.79
0.597214 1 1 4212.37
0.598214 1 1 4212.95
0.599214 1 1 4213.53
0.600214 1 1 4214.11
0.601214 1 1 4214.69
0.602214 1 1 4215.27
0.603214 1 1 4215.84
0.604214 1 1 4216.42
0.605214 1 1 4217
0.606214 1 1 4217.58
0.607214 1 1 4218.16
0.608214 1 1 4218.74
0.609214 1 1 4219.32
0.610214 1 1 4219.9
0.611214 1 1 4220.48
0.612214 1 1 4221.06
0.613214 1 1 4221.64
0.614214 1 1 4222.22
0.615214 1 1 4222.8
0.616214 1 1 4223.38
0.617214 1 1 4223.97
0.618214 1 1 4224.55
0.619214 1 1 4225.13
0.620214 1 1 4225.71
0.621214 1 1 4226.29
0.622214 1 1 4226.87
0.623214 1 1 4227.45
0.624214 1 1 4228.03
0.625214 1 1 4228.62
0.626214 1 1 4229.2
0.627214 1 1 4229.78
0.628214 1 1 4230.36
0.629214 1 1 4230.94
0.630214 1 1 4231.53
0.631214 1 1 4232.11
0.632214 1 1 4232.69
0.633214 1 1 4233.27
0.634214 1 1 4233.86
0.635214 1 1 4234.44
0.636214 1 1 4235.02
0.637214 1 1 4235.6
0.638214 1 1 4236.19
0.639214 1 1 4236.77
0.640214 1 1 4237.35
0.641214 1 1 4237.94
0.642214 1 1 4238.52
0.643214 1 1 4239.11
0.644214 1 1 4239.69
0.645214 1 1 4240.27
0.646214 1 1 4240.86
0.647214 1 1 4241.44
0.648214 1 1 4242.03
0.649214 1 1 4242.61
0.650214 1 1 4243.19
0.651214 1 1 4243.78
0.652214 1 1 4244.36
0.653214 1 1 4244.95
0.654214 1 1 4245.53
0.655214 1 1 4246.12
0.656214 1 1 4246.7
0.657214 1 1 4247.29
0.658214 1 1 4247.87
0.659214 1 1 4248.46
0.660214 1 1 4249.05
0.661214 1 1 4249.63
0.662214 1 1 4250.22
0.663214 1 1 4250.8
0.664214 1 1 4251.39
0.665214 1 1 4251.98
0.666214 1 1 4252.56
0.667214 1 1 4253.15
0.668214 1 1 4253.74
0.669214 1 1 4254.32
0.670214 1 1 4254.91
0.671214 1 1 4255.5
0.672214 1 1 4256.08
0.673214 1 1 4256.67
0.674214 1 1 4257.26
0.675214 1 1 4257.84
0.676214 1 1 4258.43
0.677214 1 1 4259.02
0.678214 1 1 4259.61
0.679214 1 1 4260.2
0.680214 1 1 4260.78
0.681214 1 1 4261.37
0.682214 1 1 4261.96
0.683214 1 1 4262.55
0.684214 1 1 4263.14
0.685214 1 1 4263.72
0.686214 1 1 4264.31
0.687214 1 1 4264.9
0.688214 1 1 4265.49
0.689214 1 1 4266.08
0.690214 1 1 4266.67
0.691214 1 1 4267.26
0.692214 1 1 4267.85
0.693214 1 1 4268.44
0.694214 1 1 4269.03
0.695214 1 1 4269.62
0.696214 1 1 4270.21
0.697214 1 1 4270.8
0.698214 1 1 4271.39
0.699214 1 1 4271.98
0.700214 1 1 4272.57
0.701214 1 1 4273.16
0.702214 1 1 4273.75
0.703214 1 1 4274.34
0.704214 1 1 4274.93
0.705214 1 1 4275.52
0.706214 1 1 4276.11
0.707214 1 1 4276.7
0.708214 1 1 4277.29
0.709214 1 1 4277.88
0.710214 1 1 4278.48
0.711214 1 1 4279.07
0.712214 1 1 4279.66
0.713214 1 1 4280.25
0.714214 1 1 4280.84
0.715214 1 1 4281.43
0.716214 1 1 4282.03
0.717214 1 1 4282.62
0.718214 1 1 4283.21
0.719214 1 1 4283.8
0.720214 1 1 4284.4
0.721214 1 1 4284.99
0.722214 1 1 4285.58
0.723214 1 1 4286.18
0.724214 1 1 4286.77
0.725214 1 1 4287.36
0.726214 1 1 4287.95
0.727214 1 1 4288.55
0.728214 1 1 4289.14
0.729214 1 1 4289.74
0.730214 1 1 4290.33
0.731214 1 1 4290.92
0.732214 1 1 4291.52
0.733214 1 1 4292.11
0.734214 1 1 4292.71
0.735214 1 1 4293.3
0.736214 1 1 4293.89
0.737214 1 1 4294.49
0.738214 1 1 4295.08
0.739214 1 1 4295.68
0.740214 1 1 4296.27
0.741214 1 1 4296.87
0.742214 1 1 4297.46
0.743214 1 1 4298.06
0.744214 1 1 4298.65
0.745214 1 1 4299.25
0.746214 1 1 4299.84
0.747214 1 1 4300.44
0.748214 1 1 4301.04
0.749214 1 1 4301.63
0.750214 1 1 4302.23
0.751214 1 1 4302.82
0.752214 1 1 4303.42
0.753214 1 1 4304.02
0.754214 1 1 4304.61
0.755214 1 1 4305.21
0.756214 1 1 4305.81
0.757214 1 1 4306.4
0.758214 1 1 4307
0.759214 1 1 4307.6
0.760214 1 1 4308.2
0.761214 1 1 4308.79
0.762214 1 1 4309.39
0.763214 1 1 4309.99
0.764214 1 1 4310.59
0.765214 1 1 4311.18
0.766214 1 1 4311.78
0.767214 1 1 4312.38
0.768214 1 1 4312.98
0.769214 1 1 4313.58
0.770214 1 1 4314.18
0.771214 1 1 4314.77
0.772214 1 1 4315.37
0.773214 1 1 4315.97
0.774214 1 1 4316.57
0.775214 1 1 4317.17
0.776214 1 1 4317.77
0.777214 1 1 4318.37
0.778214 1 1 4318.97
0.779214 1 1 4319.57
0.780214 1 1 4320.17
0.781214 1 1 4320.77
0.782214 1 1 4321.37
0.783214 1 1 4321.97
0.784214 1 1 4322.57
0.785214 1 1 4323.17
0.786214 1 1 4323.77
0.787214 1 1 4324.37
0.788214 1 1 4324.97
0.789214 1 1 4325.57
0.790214 1 1 4326.17
0.791214 1 1 4326.77
0.792214 1 1 4327.37
0.793214 1 1 4327.97
0.794214 1 1 4328.57
0.795214 1 1 4329.17
0.796214 1 1 4329.78
0.797214 1 1 4330.38
0.798214 1 1 4330.98
0.799214 1 1 4331.58
0.800214 1 1 4332.18
0.801214 1 1 4332.79
0.802214 1 1 4333.39
0.803214 1 1 4333.99
0.804214 1 1 4334.59
0.805214 1 1 4335.19
0.806214 1 1 4335.8
0.807214 1 1 4336.4
0.808214 1 1 4337
0.809214 1 1 4337.61
0.810214 1 1 4338.21
0.811214 1 1 4338.81
0.812214 1 1 4339.42
0.813214 1 1 4340.02
0.814214 1 1 4340.62
0.815214 1 1 4341.23
0.816214 1 1 4341.83
0.817214 1 1 4342.44
0.818214 1 1 4343.04
0.819214 1 1 4343.64
0.820214 1 1 4344.25
0.821214 1 1 4344.85
0.822214 1 1 4345.46
0.823214 1 1 4346.06
0.824214 1 1 4346.67
0.825214 1 1 4347.27
0.826214 1 1 4347.88
0.827214 1 1 4348.48
0.828214 1 1 4349.09
0.829214 1 1 4349.69
0.830214 1 1 4350.3
0.831214 1 1 4350.9
0.832214 1 1 4351.51
0.833214 1 1 4352.12
0.834214 1 1 4352.72
0.835214 1 1 4353.33
0.836214 1 1 4353.93
0.837214 1 1 4354.54
0.838214 1 1 4355.15
0.839214 1 1 4355.75
0.840214 1 1 4356.36
0.841214 1 1 4356.97
0.842214 1 1 4357.57
0.843214 1 1 4358.18
0.844214 1 1 4358.79
0.845214 1 1 4359.4
0.846214 1 1 4360
0.847214 1 1 4360.61
0.848214 1 1 4361.22
0.849214 1 1 4361.83
0.850214 1 1 4362.43
0.851214 1 1 4363.04
0.852214 1 1 4363.65
0.853214 1 1 4364.26
0.854214 1 1 4364.87
0.855214 1 1 4365.48
0.856214 1 1 4366.08
0.857214 1 1 4366.69
0.858214 1 1 4367.3
0.859214 1 1 4367.91
0.860214 1 1 4368.52
0.861214 1 1 4369.13
0.862214 1 1 4369.74
0.863214 1 1 4370.35
0.864214 1 1 4370.96
0.865214 1 1 4371.57
0.866214 1 1 4372.18
0.867214 1 1 4372.79
0.868214 1 1 4373.4
0.869214 1 1 4374.01
0.870214 1 1 4374.62
0.871214 1 1 4375.23
0.872214 1 1 4375.84
0.873214 1 1 4376.45
0.874214 1 1 4377.06
0.875214 1 1 4377.67
0.876214 1 1 4378.28
0.877214 1 1 4378.89
0.878214 1 1 4379.51
0.879214 1 1 4380.12
0.880214 1 1 4380.73
0.881214 1 1 4381.34
0.882214 1 1 4381.95
0.883214 1 1 4382.56
0.884214 1 1 4383.18
0.885214 1 1 4383.79
0.886214 1 1 4384.4
0.887214 1 1 4385.01
0.888214 1 1 4385.63
0.889214 1 1 4386.24
0.890214 1 1 4386.85
0.891214 1 1 4387.46
0.892214 1 1 4388.08
0.893214 1 1 4388.69
0.894214 1 1 4389.3
0.895214 1 1 4389.92
0.896214 1 1 4390.53
0.897214 1 1 4391.14
0.898214 1 1 4391.76
0.899214 1 1 4392.37
0.900214 1 1 4392.99
0.901214 1 1 4393.6
0.902214 1 1 4394.21
0.903214 1 1 4394.83
0.904214 1 1 4395.44
0.905214 1 1 4396.06
0.906214 1 1 4396.67
0.907214 1 1 4397.29
0.908214 1 1 4397.9
0.909214 1 1 4398.52
0.910214 1 1 4399.13
0.911214 1 1 4399.75
0.912214 1 1 4400.36
0.913214 1 1 4400.98
0.914214 1 1 4401.59
0.915214 1 1 4402.21
0.916214 1 1 4402.83
0.917214 1 1 4403.44
0.918214 1 1 4404.06
0.919214 1 1 4404.67
0.920214 1 1 4405.29
0.921214 1 1 4405.91
0.922214 1 1 4406.52
0.923214 1 1 4407.14
0.924214 1 1 4407.76
0.925214 1 1 4408.37
0.926214 1 1 4408.99
0.927214 1 1 4409.61
0.928214 1 1 4410.23
0.929214 1 1 4410.84
0.930214 1 1 4411.46
0.931214 1 1 4412.08
0.932214 1 1 4412.7
0.933214 1 1 4413.32
0.934214 1 1 4413.93
0.935214 1 1 4414.55
0.936214 1 1 4415.17
0.937214 1 1 4415.79
0.938214 1 1 4416.41
0.939214 1 1 4417.03
0.940214 1 1 4417.64
0.941214 1 1 4418.26
0.942214 1 1 4418.88
0.943214 1 1 4419.5
0.944214 1 1 4420.12
0.945214 1 1 4420.74
0.946214 1 1 4421.36
0.947214 1 1 4421.98
0.948214 1 1 4422.6
0.949214 1 1 4423.22
0.950214 1 1 4423.84
0.951214 1 1 4424.46
0.952214 1 1 4425.08
0.953214 1 1 4425.7
0.954214 1 1 4426.32
0.955214 1 1 4426.94
0.956214 1 1 4427.56
0.957214 1 1 4428.18
0.958214 1 1 4428.81
0.959214 1 1 4429.43
0.960214 1 1 4430.05
0.961214 1 1 4430.67
0.962214 1 1 4431.29
0.963214 1 1 4431.91
0.964214 1 1 4432.53
0.965214 1 1 4433.16
0.966214 1 1 4433.78
0.967214 1 1 4434.4
0.968214 1 1 4435.02
0.969214 1 1 4435.65
0.970214 1 1 4436.27
0.971214 1 1 4436.89
0.972214 1 1 4437.51
0.973214 1 1 4438.14
0.974214 1 1 4438.76
0.975214 1 1 4439.38
0.976214 1 1 4440.01
0.977214 1 1 4440.63
0.978214 1 1 4441.25
0.979214 1 1 4441.88
0.980214 1 1 4442.5
0.981214 1 1 4443.12
0.982214 1 1 4443.75
0.983214 1 1 4444.37
0.984214 1 1 4445
0.985214 1 1 4445.62
0.986214 1 1 4446.25
0.987214 1 1 4446.87
0.988214 1 1 4447.5
0.989214 1 1 4448.12
0.990214 1 1 4448.75
0.991214 1 1 4449.37
0.992214 1 1 4450
0.993214 1 1 4450.62
0.994214 1 1 4451.25
0.995214 1 1 4451.87
0.996214 1 1 4452.5
0.997214 1 1 4453.12
0.998214 1 1 4453.75
0.999214 1 1 4454.38
1.00021 1 1 4455
1.00121 1 1 4455.63
1.00221 1 1 4456.26
1.00321 1 1 4456.88
1.00421 1 1 4457.51
1.00521 1 1 4458.14
1.00621 1 1 4458.76
1.00721 1 1 4459.39
1.00821 1 1 4460.02
1.00921 1 1 4460.64
1.01021 1 1 4461.27
1.01121 1 1 4461.9
1.01221 1 1 4462.53
1.01321 1 1 4463.16
1.01421 1 1 4463.78
1.01521 1 1 4464.41
1.01621 1 1 4465.04
1.01721 1 1 4465.67
1.01821 1 1 4466.3
1.01921 1 1 4466.93
1.02021 1 1 4467.55
1.02121 1 1 4468.18
1.02221 1 1 4468.81
1.02321 1 1 4469.44
1.02421 1 1 4470.07
1.02521 1 1 4470.7
1.02621 1 1 4471.33
1.02721 1 1 4471.96
1.02821 1 1 4472.59
1.02921 1 1 4473.22
1.03021 1 1 4473.85
1.03121 1 1 4474.48
1.03221 1 1 4475.11
1.03321 1 1 4475.74
1.03421 1 1 4476.37
1.03521 1 1 4477
1.03621 1 1 4477.63
1.03721 1 1 4478.26
1.03821 1 1 4478.89
1.03921 1 1 4479.53
1.04021 1 1 4480.16
1.04121 1 1 4480.79
1.04221 1 1 4481.42
1.04321 1 1 4482.05
1.04421 1 1 4482.68
1.04521 1 1 4483.31
1.04621 1 1 4483.95
1.04721 1 1 4484.58
1.04821 1 1 4485.21
1.04921 1 1 4485.84
1.05021 1 1 4486.48
1.05121 1 1 4487.11
1.05221 1 1 4487.74
1.05321 1 1 4488.37
1.05421 1 1 4489.01
1.05521 1 1 4489.64
1.05621 1 1 4490.27
1.05721 1 1 4490.91
