Tx 0.007 1 1 0 12 
Rx 0.01 1 1 0 12 2999999
Tx 0.022 1 1 0 3 
Rx 0.025 1 1 0 3 2999999
Tx 0.027 1 1 1 43 
Tx 0.0284 2 1 0 12 
Rx 0.0288083 2 1 0 12 408319
Tx 0.043 1 1 1 19 
Tx 0.043 1 1 1 19 
Tx 0.5121 2 1 3 62 
Tx 0.5246 2 1 3 62 
Tx 0.5372 2 1 3 1514 
Tx 0.5498 2 1 3 58 
Tx 0.5623 2 1 3 2914 
Tx 0.575 2 1 3 58 
Tx 0.5751 2 1 3 58 
Tx 0.5874 2 1 3 5825 
Tx 0.6002 2 1 3 58 
Tx 0.6003 2 1 3 58 
Tx 0.6004 2 1 3 114 
Tx 0.6125 2 1 3 11646 
Tx 0.6136 2 1 3 5 
Tx 0.6254 2 1 3 58 
Tx 0.6255 2 1 3 58 
Tx 0.6256 2 1 3 336 
Tx 0.6376 2 1 3 20370 
Tx 0.6387 2 1 3 14 
Tx 0.6407 2 1 3 2914 
Tx 0.6505 2 1 3 114 
Tx 0.6506 2 1 3 280 
Tx 0.6507 2 1 3 500 
Tx 0.6516 2 1 3 6 
Tx 0.6627 2 1 3 37818 
Tx 0.6638 2 1 3 32 
Tx 0.6658 2 1 3 8736 
Tx 0.6756 2 1 3 225 
Tx 0.6757 2 1 3 878 
Tx 0.6758 2 1 3 184 
Tx 0.6759 2 1 3 391 
Tx 0.6781 2 1 3 114 
Tx 0.6878 2 1 3 39184 
Tx 0.6879 2 1 3 33533 
Tx 0.6889 2 1 3 69 
Tx 0.6909 2 1 3 20370 
Tx 0.692 2 1 3 14 
Tx 0.7007 2 1 3 446 
Tx 0.7008 2 1 3 172 
Tx 0.7009 2 1 3 1472 
Tx 0.701 2 1 3 1231 
Tx 0.7018 2 1 3 27 
Tx 0.703 2 1 3 58 
Tx 0.7032 2 1 3 169 
Tx 0.7129 2 1 3 39184 
Tx 0.713 2 1 3 39176 
Tx 0.7131 2 1 3 39184 
Tx 0.7132 2 1 3 25009 
Tx 0.7141 2 1 3 106 
Tx 0.7153 2 1 3 2914 
Tx 0.716 2 1 3 37818 
Tx 0.7164 2 1 3 32 
Tx 0.7191 2 1 3 2914 
Tx 0.7258 2 1 3 824 
Tx 0.7259 2 1 3 348 
Tx 0.726 2 1 3 1256 
Tx 0.7261 2 1 3 577 
Tx 0.7262 2 1 3 9 
Tx 0.7274 2 1 3 114 
Tx 0.7297 2 1 3 225 
Tx 0.731 2 1 3 114 
Tx 0.7322 2 1 3 114 
Tx 0.7334 2 1 3 114 
Tx 0.7346 2 1 3 114 
Tx 0.7358 2 1 3 114 
Tx 0.737 2 1 3 114 
Tx 0.738 2 1 3 39184 
Tx 0.7381 2 1 3 39184 
Tx 0.7382 2 1 3 39184 
Tx 0.7383 2 1 3 39184 
Tx 0.7384 2 1 3 39184 
Tx 0.7385 2 1 3 39184 
Tx 0.7386 2 1 3 30278 
Tx 0.7387 2 1 3 16919 
Tx 0.7391 2 1 3 215 
Tx 0.7392 2 1 3 3025 
Tx 0.7404 2 1 3 5936 
Tx 0.7411 2 1 3 39184 
Tx 0.7412 2 1 3 33533 
Tx 0.7415 2 1 3 69 
Tx 0.7418 2 1 3 3025 
Tx 0.743 2 1 3 114 
Tx 0.7442 2 1 3 5936 
Tx 0.7454 2 1 3 114 
Tx 0.7466 2 1 3 114 
Tx 0.7478 2 1 3 114 
Tx 0.749 2 1 3 114 
Tx 0.7502 2 1 3 114 
Tx 0.7514 2 1 3 114 
Tx 0.7525 2 1 3 114 
Tx 0.7538 2 1 3 114 
Tx 0.7548 2 1 3 114 
Tx 0.7561 2 1 3 114 
Tx 0.7574 2 1 3 114 
Tx 0.7631 2 1 3 336 
Tx 0.7632 2 1 3 39184 
Tx 0.7633 2 1 3 39184 
Tx 0.7634 2 1 3 39176 
Tx 0.7635 2 1 3 39184 
Tx 0.7636 2 1 3 39184 
Tx 0.7637 2 1 3 37405 
Tx 0.7638 2 1 3 37405 
Tx 0.7639 2 1 3 35622 
Tx 0.764 2 1 3 35622 
Tx 0.7641 2 1 3 37405 
Tx 0.7642 2 1 3 39184 
Tx 0.7643 2 1 3 39184 
Tx 0.7645 2 1 3 39184 
Tx 0.7646 2 1 3 33840 
Tx 0.7647 2 1 3 35622 
Tx 0.7648 2 1 3 4501 
Tx 0.7655 2 1 3 11715 
Tx 0.7658 2 1 3 119 
Tx 0.7662 2 1 3 39184 
Tx 0.7663 2 1 3 39184 
Tx 0.7664 2 1 3 37405 
Tx 0.7669 2 1 3 35622 
Tx 0.767 2 1 3 24 
Tx 0.768 2 1 3 32 
Tx 0.7681 2 1 3 169 
Tx 0.7693 2 1 3 11700 
Tx 0.7694 2 1 3 62 
Tx 0.7706 2 1 3 114 
Tx 0.7838 2 1 3 1202 
Tx 0.7849 2 1 3 26 
Tx 0.785 2 1 3 114 
Tx 0.7862 2 1 3 114 
Tx 0.7874 2 1 3 114 
Tx 0.7882 2 1 3 4369 
Tx 0.7883 2 1 3 39184 
Tx 0.7884 2 1 3 39184 
Tx 0.7885 2 1 3 39184 
Tx 0.7886 2 1 3 39184 
Tx 0.7887 2 1 3 39184 
Tx 0.7888 2 1 3 35622 
Tx 0.7889 2 1 3 32060 
Tx 0.789 2 1 3 32060 
Tx 0.7891 2 1 3 33840 
Tx 0.7892 2 1 3 37405 
Tx 0.7893 2 1 3 39176 
Tx 0.7894 2 1 3 33840 
Tx 0.7895 2 1 3 32060 
Tx 0.7896 2 1 3 39184 
Tx 0.7897 2 1 3 37405 
Tx 0.7898 2 1 3 37405 
Tx 0.7899 2 1 3 35622 
Tx 0.79 2 1 3 35622 
Tx 0.7901 2 1 3 39184 
Tx 0.7902 2 1 3 37405 
Tx 0.7904 2 1 3 35622 
Tx 0.7905 2 1 3 33840 
Tx 0.7906 2 1 3 39184 
Tx 0.7907 2 1 3 37405 
Tx 0.7908 2 1 3 37405 
Tx 0.7909 2 1 3 39184 
Tx 0.791 2 1 3 37405 
Tx 0.7911 2 1 3 39184 
Tx 0.7912 2 1 3 35622 
Tx 0.7914 2 1 3 39184 
Tx 0.7915 2 1 3 32060 
Tx 0.7916 2 1 3 37405 
Tx 0.7917 2 1 3 35622 
Tx 0.7918 2 1 3 37405 
Tx 0.7919 2 1 3 39184 
Tx 0.792 2 1 3 37405 
Tx 0.7921 2 1 3 35622 
Tx 0.7922 2 1 3 39184 
Tx 0.7924 2 1 3 24117 
Tx 0.7934 2 1 3 37619 
Tx 0.7945 2 1 3 38 
Tx 0.7946 2 1 3 23386 
Tx 0.7957 2 1 3 131 
Tx 0.797 2 1 3 114 
Tx 0.7982 2 1 3 114 
Tx 0.7994 2 1 3 114 
Tx 0.8006 2 1 3 114 
Tx 0.8018 2 1 3 114 
Tx 0.803 2 1 3 114 
Tx 0.8042 2 1 3 114 
Tx 0.8054 2 1 3 114 
Tx 0.8066 2 1 3 114 
Tx 0.8078 2 1 3 114 
Tx 0.8089 2 1 3 114 
Tx 0.8102 2 1 3 114 
Tx 0.8133 2 1 3 1680 
Tx 0.8134 2 1 3 17462 
Tx 0.8135 2 1 3 39184 
Tx 0.8136 2 1 3 39184 
Tx 0.8137 2 1 3 39184 
Tx 0.8138 2 1 3 39176 
Tx 0.8139 2 1 3 37405 
Tx 0.814 2 1 3 37405 
Tx 0.8141 2 1 3 35622 
Tx 0.8142 2 1 3 35622 
Tx 0.8143 2 1 3 35622 
Tx 0.8144 2 1 3 37405 
Tx 0.8145 2 1 3 39184 
Tx 0.8146 2 1 3 37405 
Tx 0.8147 2 1 3 35622 
Tx 0.8149 2 1 3 37405 
Tx 0.815 2 1 3 39184 
Tx 0.8151 2 1 3 35622 
Tx 0.8152 2 1 3 32060 
Tx 0.8153 2 1 3 39184 
Tx 0.8154 2 1 3 39184 
Tx 0.8155 2 1 3 37405 
Tx 0.8156 2 1 3 35622 
Tx 0.8157 2 1 3 33840 
Tx 0.8159 2 1 3 35622 
Tx 0.816 2 1 3 37405 
Tx 0.8161 2 1 3 37405 
Tx 0.8162 2 1 3 35622 
Tx 0.8163 2 1 3 39184 
Tx 0.8164 2 1 3 37405 
Tx 0.8165 2 1 3 39184 
Tx 0.8166 2 1 3 35622 
Tx 0.8167 2 1 3 33840 
Tx 0.8169 2 1 3 39184 
Tx 0.817 2 1 3 37405 
Tx 0.8171 2 1 3 39184 
Tx 0.8172 2 1 3 33840 
Tx 0.8173 2 1 3 33840 
Tx 0.8174 2 1 3 39184 
Tx 0.8175 2 1 3 37405 
Tx 0.8176 2 1 3 37405 
Tx 0.8177 2 1 3 35622 
Tx 0.8179 2 1 3 39184 
Tx 0.818 2 1 3 37405 
Tx 0.8181 2 1 3 35622 
Tx 0.8182 2 1 3 39184 
Tx 0.8183 2 1 3 32060 
Tx 0.8184 2 1 3 39184 
Tx 0.8185 2 1 3 33840 
Tx 0.8186 2 1 3 37405 
Tx 0.8187 2 1 3 35622 
Tx 0.8189 2 1 3 39184 
Tx 0.819 2 1 3 37405 
Tx 0.8191 2 1 3 35622 
Tx 0.8192 2 1 3 39184 
Tx 0.8193 2 1 3 35622 
Tx 0.8194 2 1 3 39184 
Tx 0.8195 2 1 3 33840 
Tx 0.8196 2 1 3 35622 
Tx 0.8197 2 1 3 39184 
Tx 0.8199 2 1 3 35622 
Tx 0.82 2 1 3 33840 
Tx 0.8201 2 1 3 35622 
Tx 0.8202 2 1 3 39184 
Tx 0.8203 2 1 3 33840 
Tx 0.8204 2 1 3 35622 
Tx 0.8205 2 1 3 39184 
Tx 0.8206 2 1 3 34376 
Tx 0.8209 2 1 3 35614 
Tx 0.821 2 1 3 464 
Tx 0.8366 2 1 3 1418 
Tx 0.8377 2 1 3 32 
Tx 0.8378 2 1 3 114 
Tx 0.8384 2 1 3 4369 
Tx 0.8385 2 1 3 35622 
Tx 0.8386 2 1 3 39184 
Tx 0.8387 2 1 3 39184 
Tx 0.8388 2 1 3 39184 
Tx 0.8389 2 1 3 39184 
Tx 0.839 2 1 3 37397 
Tx 0.8391 2 1 3 35622 
Tx 0.8392 2 1 3 33840 
Tx 0.8393 2 1 3 33840 
Tx 0.8394 2 1 3 35622 
Tx 0.8395 2 1 3 35622 
Tx 0.8396 2 1 3 35622 
Tx 0.8397 2 1 3 32060 
Tx 0.8398 2 1 3 33840 
Tx 0.8399 2 1 3 35622 
Tx 0.8401 2 1 3 35622 
Tx 0.8402 2 1 3 33840 
Tx 0.8403 2 1 3 39184 
Tx 0.8404 2 1 3 35622 
Tx 0.8405 2 1 3 39184 
Tx 0.8406 2 1 3 39184 
Tx 0.8407 2 1 3 33840 
Tx 0.8408 2 1 3 39184 
Tx 0.8409 2 1 3 32060 
Tx 0.8411 2 1 3 32060 
Tx 0.8412 2 1 3 35622 
Tx 0.8413 2 1 3 35622 
Tx 0.8414 2 1 3 35622 
Tx 0.8415 2 1 3 39184 
Tx 0.8416 2 1 3 35622 
Tx 0.8417 2 1 3 33840 
Tx 0.8418 2 1 3 39184 
Tx 0.8419 2 1 3 33840 
Tx 0.8421 2 1 3 32060 
Tx 0.8422 2 1 3 32060 
Tx 0.8423 2 1 3 39184 
Tx 0.8424 2 1 3 35622 
Tx 0.8425 2 1 3 35622 
Tx 0.8426 2 1 3 39184 
Tx 0.8427 2 1 3 35622 
Tx 0.8428 2 1 3 39184 
Tx 0.8429 2 1 3 33840 
Tx 0.8431 2 1 3 39184 
Tx 0.8432 2 1 3 33840 
Tx 0.8433 2 1 3 33840 
Tx 0.8434 2 1 3 32060 
Tx 0.8435 2 1 3 35622 
Tx 0.8436 2 1 3 39184 
Tx 0.8437 2 1 3 35622 
Tx 0.8438 2 1 3 33840 
Tx 0.8439 2 1 3 39184 
Tx 0.8441 2 1 3 39184 
Tx 0.8442 2 1 3 33840 
Tx 0.8443 2 1 3 33840 
Tx 0.8444 2 1 3 39184 
Tx 0.8445 2 1 3 39184 
Tx 0.8446 2 1 3 39184 
Tx 0.8447 2 1 3 35622 
Tx 0.8448 2 1 3 33840 
Tx 0.8449 2 1 3 32060 
Tx 0.8451 2 1 3 33840 
Tx 0.8452 2 1 3 35622 
Tx 0.8453 2 1 3 35622 
Tx 0.8454 2 1 3 35622 
Tx 0.8455 2 1 3 39184 
Tx 0.8456 2 1 3 35622 
Tx 0.8457 2 1 3 32060 
Tx 0.8458 2 1 3 39184 
Tx 0.8459 2 1 3 32060 
Tx 0.8461 2 1 3 30278 
Tx 0.8462 2 1 3 33840 
Tx 0.8463 2 1 3 39184 
Tx 0.8464 2 1 3 35622 
Tx 0.8465 2 1 3 35622 
Tx 0.8466 2 1 3 39184 
Tx 0.8467 2 1 3 35622 
Tx 0.8468 2 1 3 39184 
Tx 0.8469 2 1 3 33840 
Tx 0.8471 2 1 3 39184 
Tx 0.8472 2 1 3 32060 
Tx 0.8473 2 1 3 20461 
Tx 0.8474 2 1 3 29050 
Tx 0.8483 2 1 3 32 
Tx 0.8486 2 1 3 114 
Tx 0.8498 2 1 3 114 
Tx 0.851 2 1 3 114 
Tx 0.8522 2 1 3 114 
Tx 0.8534 2 1 3 114 
Tx 0.8546 2 1 3 114 
Tx 0.8558 2 1 3 114 
Tx 0.857 2 1 3 114 
Tx 0.8582 2 1 3 114 
Tx 0.8594 2 1 3 114 
Tx 0.8606 2 1 3 114 
Tx 0.8617 2 1 3 114 
Tx 0.863 2 1 3 114 
Tx 0.8641 2 1 3 58 
Tx 0.8642 2 1 3 58 
Tx 0.8643 2 1 3 2914 
Tx 0.8644 2 1 3 23278 
Tx 0.8645 2 1 3 30561 
Tx 0.8646 2 1 3 4393 
Tx 0.8647 2 1 3 39184 
Tx 0.8648 2 1 3 39184 
Tx 0.8649 2 1 3 19589 
Tx 0.865 2 1 3 19589 
Tx 0.8651 2 1 3 14898 
Tx 0.8652 2 1 3 4397 
Tx 0.8653 2 1 3 35622 
Tx 0.8654 2 1 3 35614 
Tx 0.8655 2 1 3 37405 
Tx 0.8656 2 1 3 37405 
Tx 0.8657 2 1 3 37405 
Tx 0.8658 2 1 3 35622 
Tx 0.8659 2 1 3 35622 
Tx 0.866 2 1 3 35622 
Tx 0.8661 2 1 3 37405 
Tx 0.8662 2 1 3 35622 
Tx 0.8663 2 1 3 25377 
Tx 0.8665 2 1 3 35622 
Tx 0.8666 2 1 3 39184 
Tx 0.8667 2 1 3 35622 
Tx 0.8668 2 1 3 35622 
Tx 0.8669 2 1 3 39184 
Tx 0.867 2 1 3 35622 
Tx 0.8671 2 1 3 39184 
Tx 0.8672 2 1 3 28287 
Tx 0.8675 2 1 3 35622 
Tx 0.8676 2 1 3 35622 
Tx 0.8677 2 1 3 33840 
Tx 0.8678 2 1 3 35622 
Tx 0.8679 2 1 3 39184 
Tx 0.868 2 1 3 39184 
Tx 0.8681 2 1 3 33840 
Tx 0.8682 2 1 3 39184 
Tx 0.8683 2 1 3 32060 
Tx 0.8685 2 1 3 33840 
Tx 0.8686 2 1 3 35622 
Tx 0.8687 2 1 3 35622 
Tx 0.8688 2 1 3 35622 
Tx 0.8689 2 1 3 39184 
Tx 0.869 2 1 3 35622 
Tx 0.8691 2 1 3 33840 
Tx 0.8692 2 1 3 39184 
Tx 0.8693 2 1 3 4799 
Tx 0.8695 2 1 3 32060 
Tx 0.8696 2 1 3 35622 
Tx 0.8697 2 1 3 33840 
Tx 0.8698 2 1 3 37405 
Tx 0.8699 2 1 3 39184 
Tx 0.87 2 1 3 35622 
Tx 0.8701 2 1 3 33840 
Tx 0.8702 2 1 3 39184 
Tx 0.8703 2 1 3 35622 
Tx 0.8705 2 1 3 32060 
Tx 0.8706 2 1 3 35622 
Tx 0.8707 2 1 3 39184 
Tx 0.8708 2 1 3 35622 
Tx 0.8709 2 1 3 33840 
Tx 0.871 2 1 3 39184 
Tx 0.8711 2 1 3 35622 
Tx 0.8712 2 1 3 39184 
Tx 0.8713 2 1 3 33840 
Tx 0.8715 2 1 3 39184 
Tx 0.8716 2 1 3 33840 
Tx 0.8717 2 1 3 35622 
Tx 0.8718 2 1 3 33840 
Tx 0.8719 2 1 3 35622 
Tx 0.872 2 1 3 39184 
Tx 0.8721 2 1 3 35622 
Tx 0.8722 2 1 3 33840 
Tx 0.8723 2 1 3 39184 
Tx 0.8725 2 1 3 39184 
Tx 0.8726 2 1 3 33840 
Tx 0.8727 2 1 3 32060 
Tx 0.8728 2 1 3 39184 
Tx 0.8729 2 1 3 35622 
Tx 0.873 2 1 3 39184 
Tx 0.8731 2 1 3 35622 
Tx 0.8732 2 1 3 33840 
Tx 0.8733 2 1 3 39184 
Tx 0.8735 2 1 3 39184 
Tx 0.8736 2 1 3 32060 
Tx 0.8737 2 1 3 33840 
Tx 0.8738 2 1 3 39184 
Tx 0.8739 2 1 3 35622 
Tx 0.874 2 1 3 39184 
Tx 0.8741 2 1 3 35622 
Tx 0.8742 2 1 3 33840 
Tx 0.8743 2 1 3 39184 
Tx 0.8745 2 1 3 33840 
Tx 0.8746 2 1 3 39184 
Tx 0.8747 2 1 3 35622 
Tx 0.8748 2 1 3 39184 
Tx 0.8749 2 1 3 33840 
Tx 0.875 2 1 3 35622 
Tx 0.8751 2 1 3 39184 
Tx 0.8752 2 1 3 35622 
Tx 0.8753 2 1 3 35622 
Tx 0.8755 2 1 3 32782 
Tx 0.8765 2 1 3 34031 
Tx 0.877 2 1 3 38 
Tx 0.8894 2 1 3 336 
Tx 0.8895 2 1 3 9710 
Tx 0.8896 2 1 3 39184 
Tx 0.8897 2 1 3 39184 
Tx 0.8898 2 1 3 39184 
Tx 0.8899 2 1 3 36746 
Tx 0.89 2 1 3 18944 
Tx 0.8901 2 1 3 14564 
Tx 0.8902 2 1 3 5831 
Tx 0.8903 2 1 3 32002 
Tx 0.8904 2 1 3 32060 
Tx 0.8905 2 1 3 5814 
Tx 0.8906 2 1 3 37405 
Tx 0.8907 2 1 3 29646 
Tx 0.8908 2 1 3 39184 
Tx 0.8909 2 1 3 35622 
Tx 0.891 2 1 3 35622 
Tx 0.8911 2 1 3 39184 
Tx 0.8912 2 1 3 33840 
Tx 0.8913 2 1 3 32060 
Tx 0.8914 2 1 3 39184 
Tx 0.8916 2 1 3 35622 
Tx 0.8917 2 1 3 33840 
Tx 0.8918 2 1 3 35622 
Tx 0.8919 2 1 3 35622 
Tx 0.892 2 1 3 35622 
Tx 0.8921 2 1 3 35622 
Tx 0.8922 2 1 3 33840 
Tx 0.8923 2 1 3 35622 
Tx 0.8924 2 1 3 22916 
Tx 0.8926 2 1 3 4459 
Tx 0.8927 2 1 3 39184 
Tx 0.8928 2 1 3 33840 
Tx 0.8929 2 1 3 35622 
Tx 0.893 2 1 3 35622 
Tx 0.8931 2 1 3 37405 
Tx 0.8932 2 1 3 39184 
Tx 0.8933 2 1 3 35622 
Tx 0.8934 2 1 3 33840 
Tx 0.8935 2 1 3 34381 
Tx 0.8937 2 1 3 24034 
Tx 0.8938 2 1 3 39184 
Tx 0.8939 2 1 3 35622 
Tx 0.894 2 1 3 39184 
Tx 0.8941 2 1 3 33840 
Tx 0.8942 2 1 3 37405 
Tx 0.8943 2 1 3 39184 
Tx 0.8944 2 1 3 35622 
Tx 0.8945 2 1 3 10111 
Tx 0.8947 2 1 3 25791 
Tx 0.8948 2 1 3 35622 
Tx 0.8949 2 1 3 37405 
Tx 0.895 2 1 3 37405 
Tx 0.8951 2 1 3 39184 
Tx 0.8952 2 1 3 37405 
Tx 0.8953 2 1 3 35622 
Tx 0.8954 2 1 3 39184 
Tx 0.8955 2 1 3 35622 
Tx 0.8958 2 1 3 30577 
Tx 0.8959 2 1 3 39184 
Tx 0.896 2 1 3 35622 
Tx 0.8961 2 1 3 33840 
Tx 0.8962 2 1 3 39184 
Tx 0.8963 2 1 3 35622 
Tx 0.8964 2 1 3 39184 
Tx 0.8965 2 1 3 33840 
Tx 0.8967 2 1 3 39184 
Tx 0.8968 2 1 3 35622 
Tx 0.8969 2 1 3 35622 
Tx 0.897 2 1 3 33840 
Tx 0.8971 2 1 3 35622 
Tx 0.8972 2 1 3 39184 
Tx 0.8973 2 1 3 37405 
Tx 0.8974 2 1 3 33840 
Tx 0.8975 2 1 3 39184 
Tx 0.8977 2 1 3 39184 
Tx 0.8978 2 1 3 33840 
Tx 0.8979 2 1 3 32060 
Tx 0.898 2 1 3 39184 
Tx 0.8981 2 1 3 35622 
Tx 0.8982 2 1 3 39184 
Tx 0.8983 2 1 3 35622 
Tx 0.8984 2 1 3 33840 
Tx 0.8985 2 1 3 39184 
Tx 0.8987 2 1 3 39184 
Tx 0.8988 2 1 3 32060 
Tx 0.8989 2 1 3 33840 
Tx 0.899 2 1 3 39184 
Tx 0.8991 2 1 3 35622 
Tx 0.8992 2 1 3 39184 
Tx 0.8993 2 1 3 35622 
Tx 0.8994 2 1 3 33840 
Tx 0.8995 2 1 3 39184 
Tx 0.8997 2 1 3 33840 
Tx 0.8998 2 1 3 39184 
Tx 0.8999 2 1 3 35622 
Tx 0.9 2 1 3 39184 
Tx 0.9001 2 1 3 33840 
Tx 0.9002 2 1 3 35622 
Tx 0.9003 2 1 3 39184 
Tx 0.9004 2 1 3 35622 
Tx 0.9005 2 1 3 35622 
Tx 0.9007 2 1 3 26297 
Tx 0.9014 2 1 3 39184 
Tx 0.9015 2 1 3 29728 
Tx 0.9025 2 1 3 69 
Tx 0.9037 2 1 3 225 
Tx 0.905 2 1 3 114 
Tx 0.9062 2 1 3 114 
Tx 0.9074 2 1 3 114 
Tx 0.9086 2 1 3 114 
Tx 0.9098 2 1 3 114 
Tx 0.911 2 1 3 114 
Tx 0.9122 2 1 3 114 
Tx 0.9134 2 1 3 114 
Tx 0.9145 2 1 3 36364 
Tx 0.9146 2 1 3 27774 
Tx 0.9147 2 1 3 39184 
Tx 0.9148 2 1 3 39184 
Tx 0.9149 2 1 3 39184 
Tx 0.915 2 1 3 39184 
Tx 0.9151 2 1 3 7780 
Tx 0.9152 2 1 3 21371 
Tx 0.9153 2 1 3 12110 
Tx 0.9154 2 1 3 4373 
Tx 0.9155 2 1 3 32060 
Tx 0.9156 2 1 3 2853 
Tx 0.9157 2 1 3 4397 
Tx 0.9158 2 1 3 37405 
Tx 0.9159 2 1 3 39184 
Tx 0.916 2 1 3 37405 
Tx 0.9161 2 1 3 35622 
Tx 0.9162 2 1 3 39184 
Tx 0.9163 2 1 3 35622 
Tx 0.9164 2 1 3 39184 
Tx 0.9165 2 1 3 33840 
Tx 0.9166 2 1 3 22900 
Tx 0.9168 2 1 3 35622 
Tx 0.9169 2 1 3 35622 
Tx 0.917 2 1 3 33840 
Tx 0.9171 2 1 3 37405 
Tx 0.9172 2 1 3 39184 
Tx 0.9173 2 1 3 39184 
Tx 0.9174 2 1 3 33840 
Tx 0.9175 2 1 3 39184 
Tx 0.9176 2 1 3 10481 
Tx 0.9178 2 1 3 32003 
Tx 0.9179 2 1 3 35622 
Tx 0.918 2 1 3 35622 
Tx 0.9181 2 1 3 33840 
Tx 0.9182 2 1 3 37405 
Tx 0.9183 2 1 3 37405 
Tx 0.9184 2 1 3 39184 
Tx 0.9185 2 1 3 35622 
Tx 0.9186 2 1 3 35622 
Tx 0.9188 2 1 3 35622 
Tx 0.9189 2 1 3 27900 
Tx 0.919 2 1 3 39184 
Tx 0.9191 2 1 3 35622 
Tx 0.9192 2 1 3 39184 
Tx 0.9193 2 1 3 39184 
Tx 0.9194 2 1 3 35622 
Tx 0.9195 2 1 3 39184 
Tx 0.9196 2 1 3 6478 
Tx 0.9198 2 1 3 32060 
Tx 0.9199 2 1 3 35622 
Tx 0.92 2 1 3 32775 
Tx 0.9201 2 1 3 37405 
Tx 0.9202 2 1 3 39184 
Tx 0.9203 2 1 3 37405 
Tx 0.9204 2 1 3 35622 
Tx 0.9205 2 1 3 39184 
Tx 0.9206 2 1 3 32569 
Tx 0.9208 2 1 3 4397 
Tx 0.9209 2 1 3 32060 
Tx 0.921 2 1 3 30278 
Tx 0.9211 2 1 3 33840 
Tx 0.9212 2 1 3 35622 
Tx 0.9213 2 1 3 37405 
Tx 0.9214 2 1 3 37405 
Tx 0.9215 2 1 3 37405 
Tx 0.9216 2 1 3 35622 
Tx 0.9217 2 1 3 35622 
Tx 0.9219 2 1 3 10920 
Tx 0.922 2 1 3 35622 
Tx 0.9221 2 1 3 35622 
Tx 0.9222 2 1 3 33840 
Tx 0.9223 2 1 3 35622 
Tx 0.9224 2 1 3 37405 
Tx 0.9225 2 1 3 39184 
Tx 0.9226 2 1 3 35622 
Tx 0.9227 2 1 3 35622 
Tx 0.9229 2 1 3 32060 
Tx 0.923 2 1 3 35622 
Tx 0.9231 2 1 3 32060 
Tx 0.9232 2 1 3 35622 
Tx 0.9233 2 1 3 35622 
Tx 0.9234 2 1 3 37405 
Tx 0.9235 2 1 3 35622 
Tx 0.9236 2 1 3 37405 
Tx 0.9237 2 1 3 35622 
Tx 0.9239 2 1 3 35622 
Tx 0.924 2 1 3 35622 
Tx 0.9241 2 1 3 39184 
Tx 0.9242 2 1 3 35622 
Tx 0.9243 2 1 3 39184 
Tx 0.9244 2 1 3 39184 
Tx 0.9245 2 1 3 33840 
Tx 0.9246 2 1 3 39184 
Tx 0.9247 2 1 3 32060 
Tx 0.9249 2 1 3 33840 
Tx 0.925 2 1 3 35622 
Tx 0.9251 2 1 3 35622 
Tx 0.9252 2 1 3 37405 
Tx 0.9253 2 1 3 39184 
Tx 0.9254 2 1 3 35622 
Tx 0.9255 2 1 3 35622 
Tx 0.9256 2 1 3 39184 
Tx 0.9257 2 1 3 35622 
Tx 0.9265 2 1 3 39184 
Tx 0.9266 2 1 3 39184 
Tx 0.9267 2 1 3 23183 
Tx 0.9276 2 1 3 1628 
Tx 0.929 2 1 3 114 
Tx 0.9397 2 1 3 336 
Tx 0.9398 2 1 3 39176 
Tx 0.9399 2 1 3 39184 
Tx 0.94 2 1 3 39184 
Tx 0.9401 2 1 3 39184 
Tx 0.9402 2 1 3 39184 
Tx 0.9403 2 1 3 37405 
Tx 0.9404 2 1 3 33710 
Tx 0.9405 2 1 3 4396 
Tx 0.9406 2 1 3 29094 
Tx 0.9409 2 1 3 35622 
Tx 0.941 2 1 3 35622 
Tx 0.9411 2 1 3 37405 
Tx 0.9412 2 1 3 37405 
Tx 0.9413 2 1 3 39184 
Tx 0.9414 2 1 3 35622 
Tx 0.9415 2 1 3 33840 
Tx 0.9416 2 1 3 39184 
Tx 0.9417 2 1 3 30797 
Tx 0.9419 2 1 3 4435 
Tx 0.942 2 1 3 32060 
Tx 0.9421 2 1 3 33840 
Tx 0.9422 2 1 3 32060 
Tx 0.9423 2 1 3 37405 
Tx 0.9424 2 1 3 37405 
Tx 0.9425 2 1 3 37405 
Tx 0.9426 2 1 3 35622 
Tx 0.9427 2 1 3 35622 
Tx 0.9428 2 1 3 35622 
Tx 0.943 2 1 3 39184 
Tx 0.9431 2 1 3 33840 
Tx 0.9432 2 1 3 39184 
Tx 0.9433 2 1 3 32060 
Tx 0.9434 2 1 3 35622 
Tx 0.9435 2 1 3 39184 
Tx 0.9436 2 1 3 35622 
Tx 0.9437 2 1 3 33840 
Tx 0.9438 2 1 3 17630 
Tx 0.944 2 1 3 39184 
Tx 0.9441 2 1 3 39184 
Tx 0.9442 2 1 3 35622 
Tx 0.9443 2 1 3 35622 
Tx 0.9444 2 1 3 33840 
Tx 0.9445 2 1 3 39184 
Tx 0.9446 2 1 3 35622 
Tx 0.9447 2 1 3 33840 
Tx 0.9448 2 1 3 9385 
Tx 0.945 2 1 3 39184 
Tx 0.9451 2 1 3 35622 
Tx 0.9452 2 1 3 21178 
Tx 0.9453 2 1 3 39184 
Tx 0.9454 2 1 3 35622 
Tx 0.9455 2 1 3 39184 
Tx 0.9456 2 1 3 35622 
Tx 0.9457 2 1 3 33840 
Tx 0.9458 2 1 3 39184 
Tx 0.946 2 1 3 39184 
Tx 0.9461 2 1 3 33840 
Tx 0.9462 2 1 3 32045 
Tx 0.9463 2 1 3 39184 
Tx 0.9464 2 1 3 35622 
Tx 0.9465 2 1 3 34368 
Tx 0.9466 2 1 3 33840 
Tx 0.9467 2 1 3 35622 
Tx 0.9468 2 1 3 39184 
Tx 0.947 2 1 3 35622 
Tx 0.9471 2 1 3 5769 
Tx 0.9472 2 1 3 4408 
Tx 0.9473 2 1 3 35622 
Tx 0.9474 2 1 3 33840 
Tx 0.9475 2 1 3 39184 
Tx 0.9476 2 1 3 35622 
Tx 0.9477 2 1 3 33840 
Tx 0.9478 2 1 3 39184 
Tx 0.948 2 1 3 39184 
Tx 0.9481 2 1 3 33840 
Tx 0.9482 2 1 3 35622 
Tx 0.9483 2 1 3 39184 
Tx 0.9484 2 1 3 35622 
Tx 0.9485 2 1 3 39184 
Tx 0.9486 2 1 3 35622 
Tx 0.9487 2 1 3 32060 
Tx 0.9488 2 1 3 39184 
Tx 0.949 2 1 3 23927 
Tx 0.9491 2 1 3 33840 
Tx 0.9492 2 1 3 35622 
Tx 0.9493 2 1 3 35622 
Tx 0.9494 2 1 3 35622 
Tx 0.9495 2 1 3 37405 
Tx 0.9496 2 1 3 35622 
Tx 0.9497 2 1 3 35622 
Tx 0.9498 2 1 3 35622 
Tx 0.95 2 1 3 39184 
Tx 0.9501 2 1 3 35622 
Tx 0.9502 2 1 3 33840 
Tx 0.9503 2 1 3 39184 
Tx 0.9504 2 1 3 35622 
Tx 0.9505 2 1 3 39184 
Tx 0.9506 2 1 3 35622 
Tx 0.9507 2 1 3 32060 
Tx 0.9508 2 1 3 39184 
Tx 0.951 2 1 3 3660 
Tx 0.9516 2 1 3 37405 
Tx 0.9517 2 1 3 39184 
Tx 0.9518 2 1 3 39184 
Tx 0.953 2 1 3 23481 
Tx 0.9541 2 1 3 134 
Tx 0.9554 2 1 3 114 
Tx 0.9566 2 1 3 114 
Tx 0.9578 2 1 3 114 
Tx 0.959 2 1 3 114 
Tx 0.9602 2 1 3 114 
Tx 0.9614 2 1 3 114 
Tx 0.9626 2 1 3 114 
Tx 0.9638 2 1 3 114 
Tx 0.9648 2 1 3 4369 
Tx 0.9649 2 1 3 39184 
Tx 0.965 2 1 3 39184 
Tx 0.9651 2 1 3 39184 
Tx 0.9652 2 1 3 39184 
Tx 0.9653 2 1 3 39184 
Tx 0.9654 2 1 3 24933 
Tx 0.9655 2 1 3 21371 
Tx 0.9656 2 1 3 19589 
Tx 0.9657 2 1 3 32303 
Tx 0.9659 2 1 3 4415 
Tx 0.966 2 1 3 35622 
Tx 0.9661 2 1 3 37405 
Tx 0.9662 2 1 3 31826 
Tx 0.9663 2 1 3 37405 
Tx 0.9664 2 1 3 33921 
Tx 0.9665 2 1 3 4438 
Tx 0.9666 2 1 3 35622 
Tx 0.9667 2 1 3 35622 
Tx 0.9668 2 1 3 39184 
Tx 0.967 2 1 3 35622 
Tx 0.9671 2 1 3 38789 
Tx 0.9672 2 1 3 35622 
Tx 0.9673 2 1 3 39184 
Tx 0.9674 2 1 3 33840 
Tx 0.9675 2 1 3 23909 
Tx 0.9676 2 1 3 4424 
Tx 0.9677 2 1 3 35622 
Tx 0.9678 2 1 3 35622 
Tx 0.968 2 1 3 34597 
Tx 0.9681 2 1 3 37405 
Tx 0.9682 2 1 3 39184 
Tx 0.9683 2 1 3 35622 
Tx 0.9684 2 1 3 39184 
Tx 0.9685 2 1 3 39184 
Tx 0.9686 2 1 3 35622 
Tx 0.9687 2 1 3 31960 
Tx 0.9688 2 1 3 32060 
Tx 0.969 2 1 3 15605 
Tx 0.9691 2 1 3 35622 
Tx 0.9692 2 1 3 37405 
Tx 0.9693 2 1 3 39184 
Tx 0.9694 2 1 3 35622 
Tx 0.9695 2 1 3 37405 
Tx 0.9696 2 1 3 39184 
Tx 0.9697 2 1 3 35622 
Tx 0.9698 2 1 3 35622 
Tx 0.97 2 1 3 7157 
Tx 0.9701 2 1 3 33840 
Tx 0.9702 2 1 3 35622 
Tx 0.9703 2 1 3 35622 
Tx 0.9704 2 1 3 35622 
Tx 0.9705 2 1 3 37405 
Tx 0.9706 2 1 3 35622 
Tx 0.9707 2 1 3 35622 
Tx 0.9708 2 1 3 35622 
Tx 0.971 2 1 3 39184 
Tx 0.9711 2 1 3 35622 
Tx 0.9712 2 1 3 39184 
Tx 0.9713 2 1 3 35622 
Tx 0.9714 2 1 3 35622 
Tx 0.9715 2 1 3 39184 
Tx 0.9716 2 1 3 35622 
Tx 0.9717 2 1 3 35622 
Tx 0.9718 2 1 3 39184 
Tx 0.972 2 1 3 22589 
Tx 0.9721 2 1 3 30278 
Tx 0.9722 2 1 3 35622 
Tx 0.9723 2 1 3 33840 
Tx 0.9724 2 1 3 18400 
Tx 0.9725 2 1 3 37405 
Tx 0.9726 2 1 3 33906 
Tx 0.9727 2 1 3 39184 
Tx 0.9728 2 1 3 35622 
Tx 0.9731 2 1 3 35622 
Tx 0.9732 2 1 3 39184 
Tx 0.9733 2 1 3 33840 
Tx 0.9734 2 1 3 35622 
Tx 0.9735 2 1 3 39184 
Tx 0.9736 2 1 3 39184 
Tx 0.9737 2 1 3 35622 
Tx 0.9738 2 1 3 33840 
Tx 0.974 2 1 3 33840 
Tx 0.9741 2 1 3 39184 
Tx 0.9742 2 1 3 39184 
Tx 0.9743 2 1 3 35622 
Tx 0.9744 2 1 3 39184 
Tx 0.9745 2 1 3 39184 
Tx 0.9746 2 1 3 35622 
Tx 0.9747 2 1 3 33840 
Tx 0.9748 2 1 3 32060 
Tx 0.975 2 1 3 15557 
Tx 0.9751 2 1 3 33840 
Tx 0.9752 2 1 3 35622 
Tx 0.9753 2 1 3 39184 
Tx 0.9754 2 1 3 35622 
Tx 0.9755 2 1 3 37405 
Tx 0.9756 2 1 3 39184 
Tx 0.9757 2 1 3 35622 
Tx 0.9758 2 1 3 39184 
Tx 0.976 2 1 3 33364 
Tx 0.9767 2 1 3 39184 
Tx 0.9768 2 1 3 39184 
Tx 0.977 2 1 3 37247 
Tx 0.9781 2 1 3 39176 
Tx 0.9782 2 1 3 23505 
Tx 0.9792 2 1 3 24 
Tx 0.9794 2 1 3 114 
Tx 0.9899 2 1 3 336 
Tx 0.99 2 1 3 26726 
Tx 0.9901 2 1 3 4402 
Tx 0.9902 2 1 3 39176 
Tx 0.9903 2 1 3 39184 
Tx 0.9904 2 1 3 39184 
Tx 0.9905 2 1 3 37405 
Tx 0.9906 2 1 3 37405 
Tx 0.9907 2 1 3 37405 
Tx 0.9908 2 1 3 35622 
Tx 0.9909 2 1 3 15669 
Tx 0.991 2 1 3 26191 
Tx 0.9911 2 1 3 4388 
Tx 0.9913 2 1 3 35622 
Tx 0.9914 2 1 3 33840 
Tx 0.9915 2 1 3 37405 
Tx 0.9916 2 1 3 37405 
Tx 0.9917 2 1 3 36314 
Tx 0.9918 2 1 3 35622 
Tx 0.9919 2 1 3 33840 
Tx 0.992 2 1 3 39184 
Tx 0.9921 2 1 3 35466 
Tx 0.9923 2 1 3 39184 
Tx 0.9924 2 1 3 32060 
Tx 0.9925 2 1 3 35622 
Tx 0.9926 2 1 3 32060 
Tx 0.9927 2 1 3 34412 
Tx 0.9928 2 1 3 4396 
Tx 0.9929 2 1 3 30548 
Tx 0.9931 2 1 3 4391 
Tx 0.9933 2 1 3 35622 
Tx 0.9934 2 1 3 33840 
Tx 0.9935 2 1 3 35622 
Tx 0.9936 2 1 3 37405 
Tx 0.9937 2 1 3 39184 
Tx 0.9938 2 1 3 35622 
Tx 0.9939 2 1 3 33840 
Tx 0.994 2 1 3 39184 
Tx 0.9941 2 1 3 35622 
Tx 0.9943 2 1 3 33840 
Tx 0.9944 2 1 3 35622 
Tx 0.9945 2 1 3 39184 
Tx 0.9946 2 1 3 39184 
Tx 0.9947 2 1 3 35622 
Tx 0.9948 2 1 3 39184 
Tx 0.9949 2 1 3 35622 
Tx 0.995 2 1 3 35622 
Tx 0.9951 2 1 3 33840 
Tx 0.9953 2 1 3 39184 
Tx 0.9954 2 1 3 35622 
Tx 0.9955 2 1 3 33840 
Tx 0.9956 2 1 3 39184 
Tx 0.9957 2 1 3 39184 
Tx 0.9958 2 1 3 39184 
Tx 0.9959 2 1 3 35622 
Tx 0.996 2 1 3 33839 
Tx 0.9961 2 1 3 18916 
Tx 0.9963 2 1 3 1189 
Tx 0.9964 2 1 3 35622 
Tx 0.9965 2 1 3 35622 
Tx 0.9966 2 1 3 39184 
Tx 0.9967 2 1 3 37405 
Tx 0.9968 2 1 3 37405 
Tx 0.9969 2 1 3 39184 
Tx 0.997 2 1 3 35622 
Tx 0.9971 2 1 3 39184 
Tx 0.9973 2 1 3 35622 
Tx 0.9974 2 1 3 33840 
Tx 0.9975 2 1 3 35622 
Tx 0.9976 2 1 3 35622 
Tx 0.9977 2 1 3 35622 
Tx 0.9978 2 1 3 35622 
Tx 0.9979 2 1 3 35622 
Tx 0.998 2 1 3 30088 
Tx 0.9983 2 1 3 39184 
Tx 0.9984 2 1 3 35622 
Tx 0.9985 2 1 3 35622 
Tx 0.9986 2 1 3 35622 
Tx 0.9987 2 1 3 39184 
Tx 0.9988 2 1 3 39184 
Tx 0.9989 2 1 3 33840 
Tx 0.999 2 1 3 32988 
Tx 0.9991 2 1 3 4430 
Tx 0.9993 2 1 3 33840 
Tx 0.9994 2 1 3 35622 
Tx 0.9995 2 1 3 37405 
Tx 0.9996 2 1 3 37405 
Tx 0.9997 2 1 3 39184 
Tx 0.9998 2 1 3 35622 
Tx 0.9999 2 1 3 35622 
Tx 1 2 1 3 39184 
Tx 1.0001 2 1 3 35622 
Tx 1.0003 2 1 3 33840 
Tx 1.0004 2 1 3 33840 
Tx 1.0005 2 1 3 39184 
Tx 1.0006 2 1 3 39184 
Tx 1.0007 2 1 3 35622 
Tx 1.0008 2 1 3 39184 
Tx 1.0009 2 1 3 35622 
Tx 1.001 2 1 3 35622 
Tx 1.0011 2 1 3 33840 
Tx 1.0018 2 1 3 39184 
Tx 1.0019 2 1 3 39184 
Tx 1.002 2 1 3 39184 
Tx 1.0021 2 1 3 11939 
Tx 1.0029 2 1 3 9 
Tx 1.0032 2 1 3 39184 
Tx 1.0033 2 1 3 23503 
Tx 1.0043 2 1 3 21 
Tx 1.0045 2 1 3 114 
Tx 1.0058 2 1 3 114 
Tx 1.007 2 1 3 114 
Tx 1.0082 2 1 3 114 
Tx 1.0094 2 1 3 114 
Tx 1.0106 2 1 3 114 
Tx 1.0118 2 1 3 114 
Tx 1.013 2 1 3 114 
Tx 1.0142 2 1 3 114 
Tx 1.015 2 1 3 4369 
Tx 1.0151 2 1 3 30548 
Tx 1.0152 2 1 3 34930 
Tx 1.0153 2 1 3 36390 
Tx 1.0154 2 1 3 39184 
Tx 1.0155 2 1 3 39184 
Tx 1.0156 2 1 3 28495 
Tx 1.0157 2 1 3 14096 
Tx 1.0158 2 1 3 24933 
Tx 1.0159 2 1 3 33840 
Tx 1.016 2 1 3 35622 
Tx 1.0161 2 1 3 14783 
Tx 1.0163 2 1 3 4376 
Tx 1.0164 2 1 3 39184 
Tx 1.0165 2 1 3 35622 
Tx 1.0166 2 1 3 32958 
Tx 1.0167 2 1 3 35622 
Tx 1.0168 2 1 3 35705 
Tx 1.0169 2 1 3 4437 
Tx 1.017 2 1 3 35622 
Tx 1.0172 2 1 3 39184 
Tx 1.0173 2 1 3 39184 
Tx 1.0174 2 1 3 35622 
Tx 1.0175 2 1 3 39184 
Tx 1.0176 2 1 3 33840 
Tx 1.0177 2 1 3 39184 
Tx 1.0178 2 1 3 35622 
Tx 1.0179 2 1 3 35622 
Tx 1.018 2 1 3 16362 
Tx 1.0183 2 1 3 4418 
Tx 1.0184 2 1 3 35622 
Tx 1.0185 2 1 3 33840 
Tx 1.0186 2 1 3 37405 
Tx 1.0187 2 1 3 39184 
Tx 1.0188 2 1 3 37405 
Tx 1.0189 2 1 3 35622 
Tx 1.019 2 1 3 39184 
Tx 1.0191 2 1 3 32913 
Tx 1.0192 2 1 3 4439 
Tx 1.0194 2 1 3 35622 
Tx 1.0195 2 1 3 33840 
Tx 1.0196 2 1 3 37405 
Tx 1.0197 2 1 3 37405 
Tx 1.0198 2 1 3 39184 
Tx 1.0199 2 1 3 35622 
Tx 1.02 2 1 3 35622 
Tx 1.0201 2 1 3 39184 
Tx 1.0202 2 1 3 35622 
Tx 1.0204 2 1 3 33039 
Tx 1.0205 2 1 3 35622 
Tx 1.0206 2 1 3 39184 
Tx 1.0207 2 1 3 35622 
Tx 1.0208 2 1 3 35622 
Tx 1.0209 2 1 3 35622 
Tx 1.021 2 1 3 35622 
Tx 1.0211 2 1 3 39184 
Tx 1.0212 2 1 3 35622 
Tx 1.0214 2 1 3 39184 
Tx 1.0215 2 1 3 19662 
Tx 1.0216 2 1 3 39184 
Tx 1.0217 2 1 3 33585 
Tx 1.0218 2 1 3 35622 
Tx 1.0219 2 1 3 39184 
Tx 1.022 2 1 3 37405 
Tx 1.0221 2 1 3 35622 
Tx 1.0222 2 1 3 39184 
Tx 1.0224 2 1 3 39184 
Tx 1.0225 2 1 3 33840 
Tx 1.0226 2 1 3 33840 
Tx 1.0227 2 1 3 39184 
Tx 1.0228 2 1 3 35622 
Tx 1.0229 2 1 3 34646 
Tx 1.023 2 1 3 35622 
Tx 1.0231 2 1 3 25488 
Tx 1.0234 2 1 3 4426 
Tx 1.0235 2 1 3 35622 
Tx 1.0236 2 1 3 32060 
Tx 1.0237 2 1 3 32060 
Tx 1.0238 2 1 3 39184 
Tx 1.0239 2 1 3 37405 
Tx 1.024 2 1 3 39184 
Tx 1.0241 2 1 3 35622 
Tx 1.0242 2 1 3 35622 
Tx 1.0243 2 1 3 10309 
Tx 1.0245 2 1 3 33840 
Tx 1.0246 2 1 3 39184 
Tx 1.0247 2 1 3 33218 
Tx 1.0248 2 1 3 35622 
Tx 1.0249 2 1 3 39184 
Tx 1.025 2 1 3 35622 
Tx 1.0251 2 1 3 39184 
Tx 1.0252 2 1 3 33840 
Tx 1.0253 2 1 3 35622 
Tx 1.0255 2 1 3 35622 
Tx 1.0256 2 1 3 35622 
Tx 1.0257 2 1 3 33840 
Tx 1.0258 2 1 3 35622 
Tx 1.0259 2 1 3 39184 
Tx 1.026 2 1 3 39184 
Tx 1.0261 2 1 3 33840 
Tx 1.0262 2 1 3 39184 
Tx 1.0263 2 1 3 32060 
Tx 1.0269 2 1 3 35622 
Tx 1.027 2 1 3 39184 
Tx 1.0271 2 1 3 39184 
Tx 1.0272 2 1 3 17103 
Tx 1.0281 2 1 3 14 
Tx 1.0283 2 1 3 39184 
Tx 1.0284 2 1 3 23503 
Tx 1.0294 2 1 3 21 
Tx 1.0296 2 1 3 114 
Tx 1.0309 2 1 3 114 
Tx 1.0322 2 1 3 114 
Tx 1.0401 2 1 3 336 
Tx 1.0402 2 1 3 39184 
Tx 1.0403 2 1 3 39184 
Tx 1.0404 2 1 3 39184 
Tx 1.0405 2 1 3 31236 
Tx 1.0406 2 1 3 35040 
Tx 1.0407 2 1 3 37405 
Tx 1.0408 2 1 3 35622 
Tx 1.0409 2 1 3 28842 
Tx 1.041 2 1 3 4429 
Tx 1.0411 2 1 3 35622 
Tx 1.0412 2 1 3 13868 
Tx 1.0413 2 1 3 5830 
Tx 1.0414 2 1 3 30548 
Tx 1.0415 2 1 3 4391 
Tx 1.0417 2 1 3 35622 
Tx 1.0418 2 1 3 39184 
Tx 1.0419 2 1 3 32997 
Tx 1.042 2 1 3 35622 
Tx 1.0421 2 1 3 35706 
Tx 1.0422 2 1 3 39184 
Tx 1.0423 2 1 3 4516 
Tx 1.0424 2 1 3 33840 
Tx 1.0425 2 1 3 32060 
Tx 1.0427 2 1 3 35622 
Tx 1.0428 2 1 3 37405 
Tx 1.0429 2 1 3 39184 
Tx 1.043 2 1 3 35622 
Tx 1.0431 2 1 3 39184 
Tx 1.0432 2 1 3 16405 
Tx 1.0433 2 1 3 4460 
Tx 1.0434 2 1 3 33840 
Tx 1.0435 2 1 3 32060 
Tx 1.0437 2 1 3 37405 
Tx 1.0438 2 1 3 37405 
Tx 1.0439 2 1 3 39184 
Tx 1.044 2 1 3 35622 
Tx 1.0441 2 1 3 39184 
Tx 1.0442 2 1 3 39184 
Tx 1.0443 2 1 3 4602 
Tx 1.0448 2 1 3 44 
Tx 1.0452 2 1 3 114 
Tx 1.0466 2 1 3 114 
Tx 1.0476 2 1 3 114 
Tx 1.0489 2 1 3 114 
Tx 1.0501 2 1 3 114 
Tx 1.0512 2 1 3 114 
Tx 1.0526 2 1 3 114 
Tx 1.0538 2 1 3 114 
Tx 1.055 2 1 3 114 
Tx 1.056 2 1 3 114 
Tx 1.0573 2 1 3 114 
