Tx 0.007 1 1 0 12 
Rx 0.01 1 1 0 12 2999999
Tx 0.022 1 1 0 3 
Rx 0.025 1 1 0 3 2999999
Tx 0.027 1 1 1 43 
Tx 0.0284 2 1 0 12 
Rx 0.0288083 2 1 0 12 408319
Tx 0.043 1 1 1 19 
Tx 0.043 1 1 1 19 
Tx 0.1021 2 1 3 62 
Tx 0.1072 2 1 3 1514 
Tx 0.1123 2 1 3 2914 
Tx 0.1174 2 1 3 5825 
Tx 0.1225 2 1 3 11646 
Tx 0.1236 2 1 3 5 
Tx 0.1276 2 1 3 20370 
Tx 0.1287 2 1 3 14 
Tx 0.1307 2 1 3 2914 
Tx 0.1327 2 1 3 37818 
Tx 0.1338 2 1 3 32 
Tx 0.1358 2 1 3 8736 
Tx 0.1378 2 1 3 39184 
Tx 0.1379 2 1 3 33533 
Tx 0.1389 2 1 3 69 
Tx 0.1409 2 1 3 20370 
Tx 0.142 2 1 3 14 
Tx 0.1429 2 1 3 39184 
Tx 0.143 2 1 3 39184 
Tx 0.1431 2 1 3 39184 
Tx 0.1432 2 1 3 25003 
Tx 0.144 2 1 3 104 
Tx 0.1453 2 1 3 2914 
Tx 0.146 2 1 3 37818 
Tx 0.1464 2 1 3 32 
Tx 0.148 2 1 3 39176 
Tx 0.1481 2 1 3 39184 
Tx 0.1482 2 1 3 39184 
Tx 0.1483 2 1 3 39184 
Tx 0.1484 2 1 3 39184 
Tx 0.1485 2 1 3 39184 
Tx 0.1486 2 1 3 37405 
Tx 0.1487 2 1 3 12642 
Tx 0.1491 2 1 3 172 
Tx 0.1504 2 1 3 8736 
Tx 0.1511 2 1 3 39184 
Tx 0.1512 2 1 3 33533 
Tx 0.1515 2 1 3 69 
Tx 0.1531 2 1 3 4369 
Tx 0.1532 2 1 3 39184 
Tx 0.1533 2 1 3 39184 
Tx 0.1534 2 1 3 39184 
Tx 0.1535 2 1 3 39184 
Tx 0.1536 2 1 3 39184 
Tx 0.1537 2 1 3 37405 
Tx 0.1538 2 1 3 35622 
Tx 0.1539 2 1 3 35622 
Tx 0.154 2 1 3 35622 
Tx 0.1541 2 1 3 37405 
Tx 0.1542 2 1 3 37397 
Tx 0.1543 2 1 3 37405 
Tx 0.1544 2 1 3 37405 
Tx 0.1545 2 1 3 37405 
Tx 0.1546 2 1 3 37405 
Tx 0.1547 2 1 3 1451 
Tx 0.1553 2 1 3 196 
Tx 0.1555 2 1 3 20370 
Tx 0.1562 2 1 3 39184 
Tx 0.1564 2 1 3 39184 
Tx 0.1565 2 1 3 25015 
Tx 0.1582 2 1 3 39176 
Tx 0.1583 2 1 3 39184 
Tx 0.1584 2 1 3 39184 
Tx 0.1585 2 1 3 39184 
Tx 0.1586 2 1 3 39184 
Tx 0.1587 2 1 3 39184 
Tx 0.1588 2 1 3 33840 
Tx 0.1589 2 1 3 32060 
Tx 0.159 2 1 3 30278 
Tx 0.1591 2 1 3 35622 
Tx 0.1592 2 1 3 37405 
Tx 0.1593 2 1 3 37397 
Tx 0.1594 2 1 3 37405 
Tx 0.1595 2 1 3 37405 
Tx 0.1596 2 1 3 37405 
Tx 0.1597 2 1 3 37405 
Tx 0.1598 2 1 3 37405 
Tx 0.1599 2 1 3 37405 
Tx 0.16 2 1 3 35622 
Tx 0.1601 2 1 3 35622 
Tx 0.1602 2 1 3 37405 
Tx 0.1604 2 1 3 37405 
Tx 0.1605 2 1 3 35622 
Tx 0.1606 2 1 3 39184 
Tx 0.1607 2 1 3 37405 
Tx 0.1608 2 1 3 39184 
Tx 0.1609 2 1 3 39184 
Tx 0.161 2 1 3 35622 
Tx 0.1611 2 1 3 39184 
Tx 0.1612 2 1 3 33840 
Tx 0.1614 2 1 3 33840 
Tx 0.1615 2 1 3 37405 
Tx 0.1616 2 1 3 37405 
Tx 0.1617 2 1 3 37405 
Tx 0.1618 2 1 3 18255 
Tx 0.1624 2 1 3 33832 
Tx 0.1625 2 1 3 1967 
Tx 0.1633 2 1 3 4401 
Tx 0.1635 2 1 3 39184 
Tx 0.1636 2 1 3 39184 
Tx 0.1637 2 1 3 39184 
Tx 0.1638 2 1 3 39184 
Tx 0.1639 2 1 3 37405 
Tx 0.164 2 1 3 39184 
Tx 0.1641 2 1 3 35622 
Tx 0.1642 2 1 3 35622 
Tx 0.1643 2 1 3 33840 
Tx 0.1645 2 1 3 37405 
Tx 0.1646 2 1 3 37405 
Tx 0.1647 2 1 3 37405 
Tx 0.1648 2 1 3 37405 
Tx 0.1649 2 1 3 39184 
Tx 0.165 2 1 3 37405 
Tx 0.1651 2 1 3 35622 
Tx 0.1652 2 1 3 39184 
Tx 0.1653 2 1 3 33840 
Tx 0.1655 2 1 3 32060 
Tx 0.1656 2 1 3 37405 
Tx 0.1657 2 1 3 35622 
Tx 0.1658 2 1 3 37405 
Tx 0.1659 2 1 3 37405 
Tx 0.166 2 1 3 37405 
Tx 0.1661 2 1 3 37405 
Tx 0.1662 2 1 3 37405 
Tx 0.1663 2 1 3 35622 
Tx 0.1665 2 1 3 37405 
Tx 0.1666 2 1 3 39184 
Tx 0.1667 2 1 3 37405 
Tx 0.1668 2 1 3 35622 
Tx 0.1669 2 1 3 39184 
Tx 0.167 2 1 3 37405 
Tx 0.1671 2 1 3 39184 
Tx 0.1672 2 1 3 35622 
Tx 0.1673 2 1 3 33840 
Tx 0.1675 2 1 3 35622 
Tx 0.1676 2 1 3 37405 
Tx 0.1677 2 1 3 35622 
Tx 0.1678 2 1 3 37405 
Tx 0.1679 2 1 3 39184 
Tx 0.168 2 1 3 37405 
Tx 0.1681 2 1 3 35622 
Tx 0.1682 2 1 3 39184 
Tx 0.1683 2 1 3 37405 
Tx 0.1685 2 1 3 35622 
Tx 0.1686 2 1 3 33840 
Tx 0.1687 2 1 3 39184 
Tx 0.1688 2 1 3 35622 
Tx 0.1689 2 1 3 37405 
Tx 0.169 2 1 3 39184 
Tx 0.1691 2 1 3 37405 
Tx 0.1692 2 1 3 39184 
Tx 0.1693 2 1 3 35622 
Tx 0.1695 2 1 3 39184 
Tx 0.1696 2 1 3 30278 
Tx 0.1697 2 1 3 35622 
Tx 0.1698 2 1 3 33840 
Tx 0.1699 2 1 3 35622 
Tx 0.17 2 1 3 39184 
Tx 0.1701 2 1 3 35622 
Tx 0.1702 2 1 3 33840 
Tx 0.1703 2 1 3 39184 
Tx 0.1705 2 1 3 39184 
Tx 0.1706 2 1 3 33840 
Tx 0.1707 2 1 3 33840 
Tx 0.1708 2 1 3 39184 
Tx 0.1709 2 1 3 35622 
Tx 0.171 2 1 3 39184 
Tx 0.1711 2 1 3 35622 
Tx 0.1712 2 1 3 33840 
Tx 0.1713 2 1 3 39184 
Tx 0.1715 2 1 3 39184 
Tx 0.1716 2 1 3 33840 
Tx 0.1717 2 1 3 30278 
Tx 0.1718 2 1 3 39184 
Tx 0.1719 2 1 3 33840 
Tx 0.172 2 1 3 39184 
Tx 0.1721 2 1 3 35622 
Tx 0.1722 2 1 3 33840 
Tx 0.1723 2 1 3 39184 
Tx 0.1725 2 1 3 39184 
Tx 0.1726 2 1 3 33840 
Tx 0.1727 2 1 3 30278 
Tx 0.1728 2 1 3 39184 
Tx 0.1729 2 1 3 33840 
Tx 0.173 2 1 3 39184 
Tx 0.1731 2 1 3 35622 
Tx 0.1732 2 1 3 33840 
Tx 0.1733 2 1 3 39184 
Tx 0.1735 2 1 3 39184 
Tx 0.1736 2 1 3 33840 
Tx 0.1737 2 1 3 30278 
Tx 0.1738 2 1 3 39184 
Tx 0.1739 2 1 3 33840 
Tx 0.174 2 1 3 39184 
Tx 0.1741 2 1 3 35622 
Tx 0.1742 2 1 3 33840 
Tx 0.1743 2 1 3 39184 
Tx 0.1745 2 1 3 39184 
Tx 0.1746 2 1 3 33840 
Tx 0.1747 2 1 3 30278 
Tx 0.1748 2 1 3 39184 
Tx 0.1749 2 1 3 33840 
Tx 0.175 2 1 3 39184 
Tx 0.1751 2 1 3 35622 
Tx 0.1752 2 1 3 33840 
Tx 0.1753 2 1 3 39184 
Tx 0.1755 2 1 3 39184 
Tx 0.1756 2 1 3 33840 
Tx 0.1757 2 1 3 30278 
Tx 0.1758 2 1 3 39184 
Tx 0.1759 2 1 3 33840 
Tx 0.176 2 1 3 39184 
Tx 0.1761 2 1 3 35622 
Tx 0.1762 2 1 3 33840 
Tx 0.1763 2 1 3 39184 
Tx 0.1765 2 1 3 39184 
Tx 0.1766 2 1 3 33840 
Tx 0.1767 2 1 3 30278 
Tx 0.1768 2 1 3 39184 
Tx 0.1769 2 1 3 33840 
Tx 0.177 2 1 3 39184 
Tx 0.1771 2 1 3 35622 
Tx 0.1772 2 1 3 33840 
Tx 0.1773 2 1 3 39184 
Tx 0.1775 2 1 3 39184 
Tx 0.1776 2 1 3 33840 
Tx 0.1777 2 1 3 30278 
Tx 0.1778 2 1 3 39184 
Tx 0.1779 2 1 3 33840 
Tx 0.178 2 1 3 39184 
Tx 0.1781 2 1 3 35622 
Tx 0.1782 2 1 3 33840 
Tx 0.1783 2 1 3 39184 
Tx 0.1785 2 1 3 39184 
Tx 0.1786 2 1 3 33840 
Tx 0.1787 2 1 3 30278 
Tx 0.1788 2 1 3 39184 
Tx 0.1789 2 1 3 33840 
Tx 0.179 2 1 3 39184 
Tx 0.1791 2 1 3 35622 
Tx 0.1792 2 1 3 33840 
Tx 0.1793 2 1 3 39184 
Tx 0.1795 2 1 3 39184 
Tx 0.1796 2 1 3 33840 
Tx 0.1797 2 1 3 30278 
Tx 0.1798 2 1 3 39184 
Tx 0.1799 2 1 3 33840 
Tx 0.18 2 1 3 39184 
Tx 0.1801 2 1 3 35622 
Tx 0.1802 2 1 3 33840 
Tx 0.1803 2 1 3 39184 
Tx 0.1805 2 1 3 39184 
Tx 0.1806 2 1 3 33840 
Tx 0.1807 2 1 3 30278 
Tx 0.1808 2 1 3 39184 
Tx 0.1809 2 1 3 33840 
Tx 0.181 2 1 3 39184 
Tx 0.1811 2 1 3 35622 
Tx 0.1812 2 1 3 33840 
Tx 0.1813 2 1 3 39184 
Tx 0.1815 2 1 3 39184 
Tx 0.1816 2 1 3 33840 
Tx 0.1817 2 1 3 30278 
Tx 0.1818 2 1 3 39184 
Tx 0.1819 2 1 3 33840 
Tx 0.182 2 1 3 39184 
Tx 0.1821 2 1 3 35622 
Tx 0.1822 2 1 3 33840 
Tx 0.1823 2 1 3 39184 
Tx 0.1825 2 1 3 39184 
Tx 0.1826 2 1 3 33840 
Tx 0.1827 2 1 3 30278 
Tx 0.1828 2 1 3 39184 
Tx 0.1829 2 1 3 33840 
Tx 0.183 2 1 3 39184 
Tx 0.1831 2 1 3 35622 
Tx 0.1832 2 1 3 33840 
Tx 0.1833 2 1 3 39184 
Tx 0.1835 2 1 3 39184 
Tx 0.1836 2 1 3 33840 
Tx 0.1837 2 1 3 30278 
Tx 0.1838 2 1 3 39184 
Tx 0.1839 2 1 3 33840 
Tx 0.184 2 1 3 39184 
Tx 0.1841 2 1 3 35622 
Tx 0.1842 2 1 3 33840 
Tx 0.1843 2 1 3 39184 
Tx 0.1845 2 1 3 39184 
Tx 0.1846 2 1 3 33840 
Tx 0.1847 2 1 3 30278 
Tx 0.1848 2 1 3 39184 
Tx 0.1849 2 1 3 33840 
Tx 0.185 2 1 3 39184 
Tx 0.1851 2 1 3 35622 
Tx 0.1852 2 1 3 33840 
Tx 0.1853 2 1 3 39184 
Tx 0.1855 2 1 3 39184 
Tx 0.1856 2 1 3 33840 
Tx 0.1857 2 1 3 30278 
Tx 0.1858 2 1 3 39184 
Tx 0.1859 2 1 3 33840 
Tx 0.186 2 1 3 39184 
Tx 0.1861 2 1 3 35622 
Tx 0.1862 2 1 3 33840 
Tx 0.1863 2 1 3 39184 
Tx 0.1865 2 1 3 39184 
Tx 0.1866 2 1 3 33840 
Tx 0.1867 2 1 3 30278 
Tx 0.1868 2 1 3 39184 
Tx 0.1869 2 1 3 33840 
Tx 0.187 2 1 3 39184 
Tx 0.1871 2 1 3 35622 
Tx 0.1872 2 1 3 33840 
Tx 0.1873 2 1 3 39184 
Tx 0.1875 2 1 3 39184 
Tx 0.1876 2 1 3 33840 
Tx 0.1877 2 1 3 30278 
Tx 0.1878 2 1 3 39184 
Tx 0.1879 2 1 3 33840 
Tx 0.188 2 1 3 39184 
Tx 0.1881 2 1 3 35622 
Tx 0.1882 2 1 3 33840 
Tx 0.1883 2 1 3 39184 
Tx 0.1885 2 1 3 39184 
Tx 0.1886 2 1 3 33840 
Tx 0.1887 2 1 3 30278 
Tx 0.1888 2 1 3 39184 
Tx 0.1889 2 1 3 33840 
Tx 0.189 2 1 3 39184 
Tx 0.1891 2 1 3 35622 
Tx 0.1892 2 1 3 33840 
Tx 0.1893 2 1 3 39184 
Tx 0.1895 2 1 3 39184 
Tx 0.1896 2 1 3 33840 
Tx 0.1897 2 1 3 30278 
Tx 0.1898 2 1 3 39184 
Tx 0.1899 2 1 3 33840 
Tx 0.19 2 1 3 39184 
Tx 0.1901 2 1 3 35622 
Tx 0.1902 2 1 3 33840 
Tx 0.1903 2 1 3 39184 
Tx 0.1905 2 1 3 39184 
Tx 0.1906 2 1 3 33840 
Tx 0.1907 2 1 3 30278 
Tx 0.1908 2 1 3 39184 
Tx 0.1909 2 1 3 33840 
Tx 0.191 2 1 3 39184 
Tx 0.1911 2 1 3 35622 
Tx 0.1912 2 1 3 33840 
Tx 0.1913 2 1 3 39184 
Tx 0.1915 2 1 3 39184 
Tx 0.1916 2 1 3 33840 
Tx 0.1917 2 1 3 30278 
Tx 0.1918 2 1 3 39184 
Tx 0.1919 2 1 3 33840 
Tx 0.192 2 1 3 39184 
Tx 0.1921 2 1 3 35622 
Tx 0.1922 2 1 3 33840 
Tx 0.1923 2 1 3 39184 
Tx 0.1925 2 1 3 39184 
Tx 0.1926 2 1 3 33840 
Tx 0.1927 2 1 3 30278 
Tx 0.1928 2 1 3 39184 
Tx 0.1929 2 1 3 33840 
Tx 0.193 2 1 3 39184 
Tx 0.1931 2 1 3 35622 
Tx 0.1932 2 1 3 33840 
Tx 0.1933 2 1 3 39184 
Tx 0.1935 2 1 3 39184 
Tx 0.1936 2 1 3 33840 
Tx 0.1937 2 1 3 30278 
Tx 0.1938 2 1 3 39184 
Tx 0.1939 2 1 3 33840 
Tx 0.194 2 1 3 39184 
Tx 0.1941 2 1 3 35622 
Tx 0.1942 2 1 3 33840 
Tx 0.1943 2 1 3 39184 
Tx 0.1945 2 1 3 39184 
Tx 0.1946 2 1 3 33840 
Tx 0.1947 2 1 3 30278 
Tx 0.1948 2 1 3 39184 
Tx 0.1949 2 1 3 33840 
Tx 0.195 2 1 3 39184 
Tx 0.1951 2 1 3 35622 
Tx 0.1952 2 1 3 33840 
Tx 0.1953 2 1 3 39184 
Tx 0.1955 2 1 3 39184 
Tx 0.1956 2 1 3 33840 
Tx 0.1957 2 1 3 30278 
Tx 0.1958 2 1 3 39184 
Tx 0.1959 2 1 3 33840 
Tx 0.196 2 1 3 39184 
Tx 0.1961 2 1 3 35622 
Tx 0.1962 2 1 3 33840 
Tx 0.1963 2 1 3 39184 
Tx 0.1965 2 1 3 39184 
Tx 0.1966 2 1 3 33840 
Tx 0.1967 2 1 3 30278 
Tx 0.1968 2 1 3 39184 
Tx 0.1969 2 1 3 33840 
Tx 0.197 2 1 3 39184 
Tx 0.1971 2 1 3 35622 
Tx 0.1972 2 1 3 33840 
Tx 0.1973 2 1 3 39184 
Tx 0.1975 2 1 3 39184 
Tx 0.1976 2 1 3 33840 
Tx 0.1977 2 1 3 30278 
Tx 0.1978 2 1 3 39184 
Tx 0.1979 2 1 3 33840 
Tx 0.198 2 1 3 39184 
Tx 0.1981 2 1 3 35622 
Tx 0.1982 2 1 3 33840 
Tx 0.1983 2 1 3 39184 
Tx 0.1985 2 1 3 39184 
Tx 0.1986 2 1 3 33840 
Tx 0.1987 2 1 3 30278 
Tx 0.1988 2 1 3 39184 
Tx 0.1989 2 1 3 33840 
Tx 0.199 2 1 3 39184 
Tx 0.1991 2 1 3 35622 
Tx 0.1992 2 1 3 33840 
Tx 0.1993 2 1 3 39184 
Tx 0.1995 2 1 3 39184 
Tx 0.1996 2 1 3 33840 
Tx 0.1997 2 1 3 30278 
Tx 0.1998 2 1 3 39184 
Tx 0.1999 2 1 3 33840 
Tx 0.2 2 1 3 39184 
Tx 0.2001 2 1 3 35622 
Tx 0.2002 2 1 3 33840 
Tx 0.2003 2 1 3 39184 
Tx 0.2005 2 1 3 39184 
Tx 0.2006 2 1 3 33840 
Tx 0.2007 2 1 3 30278 
Tx 0.2008 2 1 3 39184 
Tx 0.2009 2 1 3 33840 
Tx 0.201 2 1 3 39184 
Tx 0.2011 2 1 3 35622 
Tx 0.2012 2 1 3 33840 
Tx 0.2013 2 1 3 39184 
Tx 0.2015 2 1 3 39184 
Tx 0.2016 2 1 3 33840 
Tx 0.2017 2 1 3 30278 
Tx 0.2018 2 1 3 39184 
Tx 0.2019 2 1 3 33840 
Tx 0.202 2 1 3 39184 
Tx 0.2021 2 1 3 35622 
Tx 0.2022 2 1 3 33840 
Tx 0.2023 2 1 3 39184 
Tx 0.2025 2 1 3 39184 
Tx 0.2026 2 1 3 33840 
Tx 0.2027 2 1 3 30278 
Tx 0.2028 2 1 3 39184 
Tx 0.2029 2 1 3 33840 
Tx 0.203 2 1 3 39184 
Tx 0.2031 2 1 3 35622 
Tx 0.2032 2 1 3 33840 
Tx 0.2033 2 1 3 39184 
Tx 0.2035 2 1 3 39184 
Tx 0.2036 2 1 3 33840 
Tx 0.2037 2 1 3 30278 
Tx 0.2038 2 1 3 39184 
Tx 0.2039 2 1 3 33840 
Tx 0.204 2 1 3 39184 
Tx 0.2041 2 1 3 35622 
Tx 0.2042 2 1 3 33840 
Tx 0.2043 2 1 3 39184 
Tx 0.2045 2 1 3 39184 
Tx 0.2046 2 1 3 33840 
Tx 0.2047 2 1 3 30278 
Tx 0.2048 2 1 3 39184 
Tx 0.2049 2 1 3 33840 
Tx 0.205 2 1 3 39184 
Tx 0.2051 2 1 3 35622 
Tx 0.2052 2 1 3 33840 
Tx 0.2053 2 1 3 39184 
Tx 0.2055 2 1 3 39184 
Tx 0.2056 2 1 3 33840 
Tx 0.2057 2 1 3 30278 
Tx 0.2058 2 1 3 39184 
Tx 0.2059 2 1 3 33840 
Tx 0.206 2 1 3 39184 
Tx 0.2061 2 1 3 35622 
Tx 0.2062 2 1 3 33840 
Tx 0.2063 2 1 3 39184 
Tx 0.2065 2 1 3 39184 
Tx 0.2066 2 1 3 33840 
Tx 0.2067 2 1 3 30278 
Tx 0.2068 2 1 3 39184 
Tx 0.2069 2 1 3 33840 
Tx 0.207 2 1 3 39184 
Tx 0.2071 2 1 3 35622 
Tx 0.2072 2 1 3 33840 
Tx 0.2073 2 1 3 39184 
Tx 0.2075 2 1 3 39184 
Tx 0.2076 2 1 3 33840 
Tx 0.2077 2 1 3 30278 
Tx 0.2078 2 1 3 39184 
Tx 0.2079 2 1 3 33840 
Tx 0.208 2 1 3 39184 
Tx 0.2081 2 1 3 35622 
Tx 0.2082 2 1 3 33840 
Tx 0.2083 2 1 3 39184 
Tx 0.2085 2 1 3 39184 
Tx 0.2086 2 1 3 33840 
Tx 0.2087 2 1 3 30278 
Tx 0.2088 2 1 3 39184 
Tx 0.2089 2 1 3 33840 
Tx 0.209 2 1 3 39184 
Tx 0.2091 2 1 3 35622 
Tx 0.2092 2 1 3 33840 
Tx 0.2093 2 1 3 39184 
Tx 0.2095 2 1 3 39184 
Tx 0.2096 2 1 3 33840 
Tx 0.2097 2 1 3 30278 
Tx 0.2098 2 1 3 39184 
Tx 0.2099 2 1 3 33840 
Tx 0.21 2 1 3 39184 
Tx 0.2101 2 1 3 35622 
Tx 0.2102 2 1 3 33840 
Tx 0.2103 2 1 3 39184 
Tx 0.2105 2 1 3 39184 
Tx 0.2106 2 1 3 33840 
Tx 0.2107 2 1 3 30278 
Tx 0.2108 2 1 3 39184 
Tx 0.2109 2 1 3 33840 
Tx 0.211 2 1 3 39184 
Tx 0.2111 2 1 3 35622 
Tx 0.2112 2 1 3 33840 
Tx 0.2113 2 1 3 39184 
Tx 0.2115 2 1 3 39184 
Tx 0.2116 2 1 3 33840 
Tx 0.2117 2 1 3 30278 
Tx 0.2118 2 1 3 39184 
Tx 0.2119 2 1 3 33840 
Tx 0.212 2 1 3 39184 
Tx 0.2121 2 1 3 35622 
Tx 0.2122 2 1 3 33840 
Tx 0.2123 2 1 3 39184 
Tx 0.2125 2 1 3 39184 
Tx 0.2126 2 1 3 33840 
Tx 0.2127 2 1 3 30278 
Tx 0.2128 2 1 3 39184 
Tx 0.2129 2 1 3 33840 
Tx 0.213 2 1 3 39184 
Tx 0.2131 2 1 3 35622 
Tx 0.2132 2 1 3 33840 
Tx 0.2133 2 1 3 39184 
Tx 0.2135 2 1 3 39184 
Tx 0.2136 2 1 3 33840 
Tx 0.2137 2 1 3 30278 
Tx 0.2138 2 1 3 39184 
Tx 0.2139 2 1 3 33840 
Tx 0.214 2 1 3 39184 
Tx 0.2141 2 1 3 35622 
Tx 0.2142 2 1 3 33840 
Tx 0.2143 2 1 3 39184 
Tx 0.2145 2 1 3 39184 
Tx 0.2146 2 1 3 33840 
Tx 0.2147 2 1 3 30278 
Tx 0.2148 2 1 3 39184 
Tx 0.2149 2 1 3 33840 
Tx 0.215 2 1 3 39184 
Tx 0.2151 2 1 3 35622 
Tx 0.2152 2 1 3 33840 
Tx 0.2153 2 1 3 39184 
Tx 0.2155 2 1 3 39184 
Tx 0.2156 2 1 3 33840 
Tx 0.2157 2 1 3 30278 
Tx 0.2158 2 1 3 39184 
Tx 0.2159 2 1 3 33840 
Tx 0.216 2 1 3 39184 
Tx 0.2161 2 1 3 35622 
Tx 0.2162 2 1 3 33840 
Tx 0.2163 2 1 3 39184 
Tx 0.2165 2 1 3 39184 
Tx 0.2166 2 1 3 33840 
Tx 0.2167 2 1 3 30278 
Tx 0.2168 2 1 3 39184 
Tx 0.2169 2 1 3 33840 
Tx 0.217 2 1 3 39184 
Tx 0.2171 2 1 3 35622 
Tx 0.2172 2 1 3 33840 
Tx 0.2173 2 1 3 39184 
Tx 0.2175 2 1 3 39184 
Tx 0.2176 2 1 3 33840 
Tx 0.2177 2 1 3 30278 
Tx 0.2178 2 1 3 39184 
Tx 0.2179 2 1 3 33840 
Tx 0.218 2 1 3 39184 
Tx 0.2181 2 1 3 35622 
Tx 0.2182 2 1 3 33840 
Tx 0.2183 2 1 3 39184 
Tx 0.2185 2 1 3 39184 
Tx 0.2186 2 1 3 33840 
Tx 0.2187 2 1 3 30278 
Tx 0.2188 2 1 3 39184 
Tx 0.2189 2 1 3 33840 
Tx 0.219 2 1 3 39184 
Tx 0.2191 2 1 3 35622 
Tx 0.2192 2 1 3 33840 
Tx 0.2193 2 1 3 39184 
Tx 0.2195 2 1 3 39184 
Tx 0.2196 2 1 3 33840 
Tx 0.2197 2 1 3 30278 
Tx 0.2198 2 1 3 39184 
Tx 0.2199 2 1 3 33840 
Tx 0.22 2 1 3 39184 
Tx 0.2201 2 1 3 35622 
Tx 0.2202 2 1 3 33840 
Tx 0.2203 2 1 3 39184 
Tx 0.2205 2 1 3 39184 
Tx 0.2206 2 1 3 33840 
Tx 0.2207 2 1 3 30278 
Tx 0.2208 2 1 3 39184 
Tx 0.2209 2 1 3 33840 
Tx 0.221 2 1 3 39184 
Tx 0.2211 2 1 3 35622 
Tx 0.2212 2 1 3 33840 
Tx 0.2213 2 1 3 39184 
Tx 0.2215 2 1 3 39184 
Tx 0.2216 2 1 3 33840 
Tx 0.2217 2 1 3 30278 
Tx 0.2218 2 1 3 39184 
Tx 0.2219 2 1 3 33840 
Tx 0.222 2 1 3 39184 
Tx 0.2221 2 1 3 35622 
Tx 0.2222 2 1 3 33840 
Tx 0.2223 2 1 3 39184 
Tx 0.2225 2 1 3 39184 
Tx 0.2226 2 1 3 33840 
Tx 0.2227 2 1 3 30278 
Tx 0.2228 2 1 3 39184 
Tx 0.2229 2 1 3 33840 
Tx 0.223 2 1 3 39184 
Tx 0.2231 2 1 3 35622 
Tx 0.2232 2 1 3 33840 
Tx 0.2233 2 1 3 39184 
Tx 0.2235 2 1 3 39184 
Tx 0.2236 2 1 3 33840 
Tx 0.2237 2 1 3 30278 
Tx 0.2238 2 1 3 39184 
Tx 0.2239 2 1 3 33840 
Tx 0.224 2 1 3 39184 
Tx 0.2241 2 1 3 35622 
Tx 0.2242 2 1 3 33840 
Tx 0.2243 2 1 3 39184 
Tx 0.2245 2 1 3 39184 
Tx 0.2246 2 1 3 33840 
Tx 0.2247 2 1 3 30278 
Tx 0.2248 2 1 3 39184 
Tx 0.2249 2 1 3 33840 
Tx 0.225 2 1 3 39184 
Tx 0.2251 2 1 3 35622 
Tx 0.2252 2 1 3 33840 
Tx 0.2253 2 1 3 39184 
Tx 0.2255 2 1 3 39184 
Tx 0.2256 2 1 3 33840 
Tx 0.2257 2 1 3 30278 
Tx 0.2258 2 1 3 39184 
Tx 0.2259 2 1 3 33840 
Tx 0.226 2 1 3 39184 
Tx 0.2261 2 1 3 35622 
Tx 0.2262 2 1 3 33840 
Tx 0.2263 2 1 3 39184 
Tx 0.2265 2 1 3 39184 
Tx 0.2266 2 1 3 33840 
Tx 0.2267 2 1 3 30278 
Tx 0.2268 2 1 3 39184 
Tx 0.2269 2 1 3 33840 
Tx 0.227 2 1 3 39184 
Tx 0.2271 2 1 3 35622 
Tx 0.2272 2 1 3 33840 
Tx 0.2273 2 1 3 39184 
Tx 0.2275 2 1 3 39184 
Tx 0.2276 2 1 3 33840 
Tx 0.2277 2 1 3 30278 
Tx 0.2278 2 1 3 39184 
Tx 0.2279 2 1 3 33840 
Tx 0.228 2 1 3 39184 
Tx 0.2281 2 1 3 35622 
Tx 0.2282 2 1 3 33840 
Tx 0.2283 2 1 3 39184 
Tx 0.2285 2 1 3 39184 
Tx 0.2286 2 1 3 33840 
Tx 0.2287 2 1 3 30278 
Tx 0.2288 2 1 3 39184 
Tx 0.2289 2 1 3 33840 
Tx 0.229 2 1 3 39184 
Tx 0.2291 2 1 3 35622 
Tx 0.2292 2 1 3 33840 
Tx 0.2293 2 1 3 39184 
Tx 0.2295 2 1 3 39184 
Tx 0.2296 2 1 3 33840 
Tx 0.2297 2 1 3 30278 
Tx 0.2298 2 1 3 39184 
Tx 0.2299 2 1 3 33840 
Tx 0.23 2 1 3 39184 
Tx 0.2301 2 1 3 35622 
Tx 0.2302 2 1 3 33840 
Tx 0.2303 2 1 3 39184 
Tx 0.2305 2 1 3 39184 
Tx 0.2306 2 1 3 33840 
Tx 0.2307 2 1 3 30278 
Tx 0.2308 2 1 3 39184 
Tx 0.2309 2 1 3 33840 
Tx 0.231 2 1 3 39184 
Tx 0.2311 2 1 3 35622 
Tx 0.2312 2 1 3 33840 
Tx 0.2313 2 1 3 39184 
Tx 0.2315 2 1 3 39184 
Tx 0.2316 2 1 3 33840 
Tx 0.2317 2 1 3 30278 
Tx 0.2318 2 1 3 39184 
Tx 0.2319 2 1 3 33840 
Tx 0.232 2 1 3 39184 
Tx 0.2321 2 1 3 35622 
Tx 0.2322 2 1 3 33840 
Tx 0.2323 2 1 3 39184 
Tx 0.2325 2 1 3 39184 
Tx 0.2326 2 1 3 33840 
Tx 0.2327 2 1 3 30278 
Tx 0.2328 2 1 3 39184 
Tx 0.2329 2 1 3 33840 
Tx 0.233 2 1 3 39184 
Tx 0.2331 2 1 3 35622 
Tx 0.2332 2 1 3 33840 
Tx 0.2333 2 1 3 39184 
Tx 0.2335 2 1 3 39184 
Tx 0.2336 2 1 3 33840 
Tx 0.2337 2 1 3 30278 
Tx 0.2338 2 1 3 39184 
Tx 0.2339 2 1 3 33840 
Tx 0.234 2 1 3 39184 
Tx 0.2341 2 1 3 35622 
Tx 0.2342 2 1 3 33840 
Tx 0.2343 2 1 3 39184 
Tx 0.2345 2 1 3 39184 
Tx 0.2346 2 1 3 33840 
Tx 0.2347 2 1 3 30278 
Tx 0.2348 2 1 3 39184 
Tx 0.2349 2 1 3 33840 
Tx 0.235 2 1 3 39184 
Tx 0.2351 2 1 3 35622 
Tx 0.2352 2 1 3 33840 
Tx 0.2353 2 1 3 39184 
Tx 0.2355 2 1 3 39184 
Tx 0.2356 2 1 3 33840 
Tx 0.2357 2 1 3 30278 
Tx 0.2358 2 1 3 39183 
Tx 0.2359 2 1 3 33840 
Tx 0.236 2 1 3 39184 
Tx 0.2361 2 1 3 35622 
Tx 0.2362 2 1 3 33840 
Tx 0.2363 2 1 3 39184 
Tx 0.2365 2 1 3 39184 
Tx 0.2366 2 1 3 33840 
Tx 0.2367 2 1 3 30278 
Tx 0.2368 2 1 3 39184 
Tx 0.2369 2 1 3 33840 
Tx 0.237 2 1 3 39184 
Tx 0.2371 2 1 3 35622 
Tx 0.2372 2 1 3 33840 
Tx 0.2373 2 1 3 39184 
Tx 0.2375 2 1 3 39184 
Tx 0.2376 2 1 3 33840 
Tx 0.2377 2 1 3 30278 
Tx 0.2378 2 1 3 39184 
Tx 0.2379 2 1 3 33840 
Tx 0.238 2 1 3 39184 
Tx 0.2381 2 1 3 35622 
Tx 0.2382 2 1 3 33840 
Tx 0.2383 2 1 3 39184 
Tx 0.2385 2 1 3 39184 
Tx 0.2386 2 1 3 33840 
Tx 0.2387 2 1 3 30278 
Tx 0.2388 2 1 3 39184 
Tx 0.2389 2 1 3 33840 
Tx 0.239 2 1 3 39184 
Tx 0.2391 2 1 3 35622 
Tx 0.2392 2 1 3 33840 
Tx 0.2393 2 1 3 39184 
Tx 0.2395 2 1 3 39184 
Tx 0.2396 2 1 3 33840 
Tx 0.2397 2 1 3 30278 
Tx 0.2398 2 1 3 39184 
Tx 0.2399 2 1 3 33840 
Tx 0.24 2 1 3 39184 
Tx 0.2401 2 1 3 35622 
Tx 0.2402 2 1 3 33840 
Tx 0.2403 2 1 3 39184 
Tx 0.2405 2 1 3 39184 
Tx 0.2406 2 1 3 33840 
Tx 0.2407 2 1 3 30278 
Tx 0.2408 2 1 3 39184 
Tx 0.2409 2 1 3 33840 
Tx 0.241 2 1 3 39184 
Tx 0.2411 2 1 3 35622 
Tx 0.2412 2 1 3 33840 
Tx 0.2413 2 1 3 39184 
Tx 0.2415 2 1 3 39184 
Tx 0.2416 2 1 3 33840 
Tx 0.2417 2 1 3 30278 
Tx 0.2418 2 1 3 39184 
Tx 0.2419 2 1 3 33840 
Tx 0.242 2 1 3 39184 
Tx 0.2421 2 1 3 35622 
Tx 0.2422 2 1 3 33840 
Tx 0.2423 2 1 3 39184 
Tx 0.2425 2 1 3 39184 
Tx 0.2426 2 1 3 33840 
Tx 0.2427 2 1 3 30278 
Tx 0.2428 2 1 3 39184 
Tx 0.2429 2 1 3 33840 
Tx 0.243 2 1 3 39184 
Tx 0.2431 2 1 3 35622 
Tx 0.2432 2 1 3 33840 
Tx 0.2433 2 1 3 39184 
Tx 0.2435 2 1 3 39184 
Tx 0.2436 2 1 3 33840 
Tx 0.2437 2 1 3 30278 
Tx 0.2438 2 1 3 39184 
Tx 0.2439 2 1 3 33840 
Tx 0.244 2 1 3 39184 
Tx 0.2441 2 1 3 35622 
Tx 0.2442 2 1 3 33840 
Tx 0.2443 2 1 3 39184 
Tx 0.2445 2 1 3 39184 
Tx 0.2446 2 1 3 33840 
Tx 0.2447 2 1 3 30278 
Tx 0.2448 2 1 3 39184 
Tx 0.2449 2 1 3 33840 
Tx 0.245 2 1 3 39184 
Tx 0.2451 2 1 3 35622 
Tx 0.2452 2 1 3 33840 
Tx 0.2453 2 1 3 39184 
Tx 0.2455 2 1 3 39184 
Tx 0.2456 2 1 3 33840 
Tx 0.2457 2 1 3 30278 
Tx 0.2458 2 1 3 39184 
Tx 0.2459 2 1 3 33840 
Tx 0.246 2 1 3 39184 
Tx 0.2461 2 1 3 35622 
Tx 0.2462 2 1 3 33840 
Tx 0.2463 2 1 3 39184 
Tx 0.2465 2 1 3 39184 
Tx 0.2466 2 1 3 33840 
Tx 0.2467 2 1 3 30278 
Tx 0.2468 2 1 3 39184 
Tx 0.2469 2 1 3 33840 
Tx 0.247 2 1 3 39184 
Tx 0.2471 2 1 3 35622 
Tx 0.2472 2 1 3 33840 
Tx 0.2473 2 1 3 39184 
Tx 0.2475 2 1 3 39184 
Tx 0.2476 2 1 3 33840 
Tx 0.2477 2 1 3 30278 
Tx 0.2478 2 1 3 39184 
Tx 0.2479 2 1 3 33840 
Tx 0.248 2 1 3 39184 
Tx 0.2481 2 1 3 35622 
Tx 0.2482 2 1 3 33840 
Tx 0.2483 2 1 3 39184 
Tx 0.2485 2 1 3 39184 
Tx 0.2486 2 1 3 33840 
Tx 0.2487 2 1 3 30278 
Tx 0.2488 2 1 3 39184 
Tx 0.2489 2 1 3 33840 
Tx 0.249 2 1 3 39184 
Tx 0.2491 2 1 3 35622 
Tx 0.2492 2 1 3 33840 
Tx 0.2493 2 1 3 39184 
Tx 0.2495 2 1 3 39184 
Tx 0.2496 2 1 3 33840 
Tx 0.2497 2 1 3 30278 
Tx 0.2498 2 1 3 39184 
Tx 0.2499 2 1 3 33840 
Tx 0.25 2 1 3 39184 
Tx 0.2501 2 1 3 35622 
Tx 0.2502 2 1 3 33840 
Tx 0.2503 2 1 3 39184 
Tx 0.2505 2 1 3 39184 
Tx 0.2506 2 1 3 33840 
Tx 0.2507 2 1 3 30278 
Tx 0.2508 2 1 3 39184 
Tx 0.2509 2 1 3 33840 
Tx 0.251 2 1 3 39184 
Tx 0.2511 2 1 3 35622 
Tx 0.2512 2 1 3 33840 
Tx 0.2513 2 1 3 39184 
Tx 0.2515 2 1 3 39184 
Tx 0.2516 2 1 3 33840 
Tx 0.2517 2 1 3 30278 
Tx 0.2518 2 1 3 39184 
Tx 0.2519 2 1 3 33840 
Tx 0.252 2 1 3 39184 
Tx 0.2521 2 1 3 35622 
Tx 0.2522 2 1 3 33840 
Tx 0.2523 2 1 3 39184 
Tx 0.2525 2 1 3 39184 
Tx 0.2526 2 1 3 33840 
Tx 0.2527 2 1 3 30278 
Tx 0.2528 2 1 3 39184 
Tx 0.2529 2 1 3 33840 
Tx 0.253 2 1 3 39184 
Tx 0.2531 2 1 3 35622 
Tx 0.2532 2 1 3 33840 
Tx 0.2533 2 1 3 39184 
Tx 0.2535 2 1 3 39184 
Tx 0.2536 2 1 3 33840 
Tx 0.2537 2 1 3 30278 
Tx 0.2538 2 1 3 39184 
Tx 0.2539 2 1 3 33840 
Tx 0.254 2 1 3 39184 
