0.001 1 2 39.6349
0.001 1 3 24.3627
0.0026 1 2 39.6349
0.0026 1 3 24.3627
0.0042 1 2 39.6349
0.0042 1 3 24.3627
0.0058 1 2 39.6349
0.0058 1 3 24.3627
0.0074 1 2 39.6349
0.0074 1 3 24.3627
0.009 1 2 39.6349
0.009 1 3 24.3627
0.0106 1 2 39.6349
0.0106 1 3 24.3627
0.0122 1 2 39.6349
0.0122 1 3 24.3627
0.0138 1 2 39.6349
0.0138 1 3 24.3627
0.0154 1 2 39.6349
0.0154 1 3 24.3627
0.017 1 2 39.6349
0.017 1 3 24.3627
0.0186 1 2 39.6349
0.0186 1 3 24.3627
0.0202 1 2 39.6349
0.0202 1 3 24.3627
0.0218 1 2 39.6349
0.0218 1 3 24.3627
0.0234 1 2 39.6349
0.0234 1 3 24.3627
0.025 1 2 39.6349
0.025 1 3 24.3627
0.0266 1 2 39.6349
0.0266 1 3 24.3627
0.0282 1 2 39.6349
0.0282 1 3 24.3627
0.0298 1 2 39.6349
0.0298 1 3 24.3627
0.0314 1 2 39.6349
0.0314 1 3 24.3627
0.033 1 2 39.6349
0.033 1 3 24.3627
0.0346 1 2 39.6349
0.0346 1 3 24.3627
0.0362 1 2 39.6349
0.0362 1 3 24.3627
0.0378 1 2 39.6349
0.0378 1 3 24.3627
0.0394 1 2 39.6349
0.0394 1 3 24.3627
0.041 1 2 39.6349
0.041 1 3 24.3627
0.0426 1 2 39.6349
0.0426 1 3 24.3627
0.0442 1 2 39.6349
0.0442 1 3 24.3627
0.0458 1 2 39.6349
0.0458 1 3 24.3627
0.0474 1 2 39.6349
0.0474 1 3 24.3627
0.049 1 2 39.6349
0.049 1 3 24.3627
0.0506 1 2 39.6349
0.0506 1 3 24.3627
0.0522 1 2 39.6349
0.0522 1 3 24.3627
0.0538 1 2 39.6349
0.0538 1 3 24.3627
0.0554 1 2 39.6349
0.0554 1 3 24.3627
0.057 1 2 39.6349
0.057 1 3 24.3627
0.0586 1 2 39.6349
0.0586 1 3 24.3627
0.0602 1 2 39.6349
0.0602 1 3 24.3627
0.0618 1 2 39.6349
0.0618 1 3 24.3627
0.0634 1 2 39.6349
0.0634 1 3 24.3627
0.065 1 2 39.6349
0.065 1 3 24.3627
0.0666 1 2 39.6349
0.0666 1 3 24.3627
0.0682 1 2 39.6349
0.0682 1 3 24.3627
0.0698 1 2 39.6349
0.0698 1 3 24.3627
0.0714 1 2 39.6349
0.0714 1 3 24.3627
0.073 1 2 39.6349
0.073 1 3 24.3627
0.0746 1 2 39.6349
0.0746 1 3 24.3627
0.0762 1 2 39.6349
0.0762 1 3 24.3627
0.0778 1 2 39.6349
0.0778 1 3 24.3627
0.0794 1 2 39.6349
0.0794 1 3 24.3627
0.081 1 2 39.6349
0.081 1 3 24.3627
0.0826 1 2 39.6349
0.0826 1 3 24.3627
0.0842 1 2 39.6349
0.0842 1 3 24.3627
0.0858 1 2 39.6349
0.0858 1 3 24.3627
0.0874 1 2 39.6349
0.0874 1 3 24.3627
0.089 1 2 39.6349
0.089 1 3 24.3627
0.0906 1 2 39.6349
0.0906 1 3 24.3627
0.0922 1 2 39.6349
0.0922 1 3 24.3627
0.0938 1 2 39.6349
0.0938 1 3 24.3627
0.0954 1 2 39.6349
0.0954 1 3 24.3627
0.097 1 2 39.6349
0.097 1 3 24.3627
0.0986 1 2 39.6349
0.0986 1 3 24.3627
0.1002 1 2 39.6349
0.1002 1 3 24.3627
0.1018 1 2 39.6349
0.1018 1 3 24.3627
0.1034 1 2 39.6349
0.1034 1 3 24.3627
0.105 1 2 39.6349
0.105 1 3 24.3627
0.1066 1 2 39.6349
0.1066 1 3 24.3627
0.1082 1 2 39.6349
0.1082 1 3 24.3627
0.1098 1 2 39.6349
0.1098 1 3 24.3627
0.1114 1 2 39.6349
0.1114 1 3 24.3627
0.113 1 2 39.6349
0.113 1 3 24.3627
0.1146 1 2 39.6349
0.1146 1 3 24.3627
0.1162 1 2 39.6349
0.1162 1 3 24.3627
0.1178 1 2 39.6349
0.1178 1 3 24.3627
0.1194 1 2 39.6349
0.1194 1 3 24.3627
0.121 1 2 39.6349
0.121 1 3 24.3627
0.1226 1 2 39.6349
0.1226 1 3 24.3627
0.1242 1 2 39.6349
0.1242 1 3 24.3627
0.1258 1 2 39.6349
0.1258 1 3 24.3627
0.1274 1 2 39.6349
0.1274 1 3 24.3627
0.129 1 2 39.6349
0.129 1 3 24.3627
0.1306 1 2 39.6349
0.1306 1 3 24.3627
0.1322 1 2 39.6349
0.1322 1 3 24.3627
0.1338 1 2 39.6349
0.1338 1 3 24.3627
0.1354 1 2 39.6349
0.1354 1 3 24.3627
0.137 1 2 39.6349
0.137 1 3 24.3627
0.1386 1 2 39.6349
0.1386 1 3 24.3627
0.1402 1 2 39.6349
0.1402 1 3 24.3627
0.1418 1 2 39.6349
0.1418 1 3 24.3627
0.1434 1 2 39.6349
0.1434 1 3 24.3627
0.145 1 2 39.6349
0.145 1 3 24.3627
0.1466 1 2 39.6349
0.1466 1 3 24.3627
0.1482 1 2 39.6349
0.1482 1 3 24.3627
0.1498 1 2 39.6349
0.1498 1 3 24.3627
0.1514 1 2 39.6349
0.1514 1 3 24.3627
0.153 1 2 39.6349
0.153 1 3 24.3627
0.1546 1 2 39.6349
0.1546 1 3 24.3627
0.1562 1 2 39.6349
0.1562 1 3 24.3627
0.1578 1 2 39.6349
0.1578 1 3 24.3627
0.1594 1 2 39.6349
0.1594 1 3 24.3627
0.161 1 2 39.6349
0.161 1 3 24.3627
0.1626 1 2 39.6349
0.1626 1 3 24.3627
0.1642 1 2 39.6349
0.1642 1 3 24.3627
0.1658 1 2 39.6349
0.1658 1 3 24.3627
0.1674 1 2 39.6349
0.1674 1 3 24.3627
0.169 1 2 39.6349
0.169 1 3 24.3627
0.1706 1 2 39.6349
0.1706 1 3 24.3627
0.1722 1 2 39.6349
0.1722 1 3 24.3627
0.1738 1 2 39.6349
0.1738 1 3 24.3627
0.1754 1 2 39.6349
0.1754 1 3 24.3627
0.177 1 2 39.6349
0.177 1 3 24.3627
0.1786 1 2 39.6349
0.1786 1 3 24.3627
0.1802 1 2 39.6349
0.1802 1 3 24.3627
0.1818 1 2 39.6349
0.1818 1 3 24.3627
0.1834 1 2 39.6349
0.1834 1 3 24.3627
0.185 1 2 39.6349
0.185 1 3 24.3627
0.1866 1 2 39.6349
0.1866 1 3 24.3627
0.1882 1 2 39.6349
0.1882 1 3 24.3627
0.1898 1 2 39.6349
0.1898 1 3 24.3627
0.1914 1 2 39.6349
0.1914 1 3 24.3627
0.193 1 2 39.6349
0.193 1 3 24.3627
0.1946 1 2 39.6349
0.1946 1 3 24.3627
0.1962 1 2 39.6349
0.1962 1 3 24.3627
0.1978 1 2 39.6349
0.1978 1 3 24.3627
0.1994 1 2 39.6349
0.1994 1 3 24.3627
0.201 1 2 39.6349
0.201 1 3 24.3627
0.2026 1 2 39.6349
0.2026 1 3 24.3627
0.2042 1 2 39.6349
0.2042 1 3 24.3627
0.2058 1 2 39.6349
0.2058 1 3 24.3627
0.2074 1 2 39.6349
0.2074 1 3 24.3627
0.209 1 2 39.6349
0.209 1 3 24.3627
0.2106 1 2 39.6349
0.2106 1 3 24.3627
0.2122 1 2 39.6349
0.2122 1 3 24.3627
0.2138 1 2 39.6349
0.2138 1 3 24.3627
0.2154 1 2 39.6349
0.2154 1 3 24.3627
0.217 1 2 39.6349
0.217 1 3 24.3627
0.2186 1 2 39.6349
0.2186 1 3 24.3627
0.2202 1 2 39.6349
0.2202 1 3 24.3627
0.2218 1 2 39.6349
0.2218 1 3 24.3627
0.2234 1 2 39.6349
0.2234 1 3 24.3627
0.225 1 2 39.6349
0.225 1 3 24.3627
0.2266 1 2 39.6349
0.2266 1 3 24.3627
0.2282 1 2 39.6349
0.2282 1 3 24.3627
0.2298 1 2 39.6349
0.2298 1 3 24.3627
0.2314 1 2 39.6349
0.2314 1 3 24.3627
0.233 1 2 39.6349
0.233 1 3 24.3627
0.2346 1 2 39.6349
0.2346 1 3 24.3627
0.2362 1 2 39.6349
0.2362 1 3 24.3627
0.2378 1 2 39.6349
0.2378 1 3 24.3627
0.2394 1 2 39.6349
0.2394 1 3 24.3627
0.241 1 2 39.6349
0.241 1 3 24.3627
0.2426 1 2 39.6349
0.2426 1 3 24.3627
0.2442 1 2 39.6349
0.2442 1 3 24.3627
0.2458 1 2 39.6349
0.2458 1 3 24.3627
0.2474 1 2 39.6349
0.2474 1 3 24.3627
0.249 1 2 39.6349
0.249 1 3 24.3627
0.2506 1 2 39.6349
0.2506 1 3 24.3627
0.2522 1 2 39.6349
0.2522 1 3 24.3627
0.2538 1 2 39.6349
0.2538 1 3 24.3627
0.2554 1 2 39.6349
0.2554 1 3 24.3627
0.257 1 2 39.6349
0.257 1 3 24.3627
0.2586 1 2 39.6349
0.2586 1 3 24.3627
0.2602 1 2 39.6349
0.2602 1 3 24.3627
0.2618 1 2 39.6349
0.2618 1 3 24.3627
0.2634 1 2 39.6349
0.2634 1 3 24.3627
0.265 1 2 39.6349
0.265 1 3 24.3627
0.2666 1 2 39.6349
0.2666 1 3 24.3627
0.2682 1 2 39.6349
0.2682 1 3 24.3627
0.2698 1 2 39.6349
0.2698 1 3 24.3627
0.2714 1 2 39.6349
0.2714 1 3 24.3627
0.273 1 2 39.6349
0.273 1 3 24.3627
0.2746 1 2 39.6349
0.2746 1 3 24.3627
0.2762 1 2 39.6349
0.2762 1 3 24.3627
0.2778 1 2 39.6349
0.2778 1 3 24.3627
0.2794 1 2 39.6349
0.2794 1 3 24.3627
0.281 1 2 39.6349
0.281 1 3 24.3627
0.2826 1 2 39.6349
0.2826 1 3 24.3627
0.2842 1 2 39.6349
0.2842 1 3 24.3627
0.2858 1 2 39.6349
0.2858 1 3 24.3627
0.2874 1 2 39.6349
0.2874 1 3 24.3627
0.289 1 2 39.6349
0.289 1 3 24.3627
0.2906 1 2 39.6349
0.2906 1 3 24.3627
0.2922 1 2 39.6349
0.2922 1 3 24.3627
0.2938 1 2 39.6349
0.2938 1 3 24.3627
0.2954 1 2 39.6349
0.2954 1 3 24.3627
0.297 1 2 39.6349
0.297 1 3 24.3627
0.2986 1 2 39.6349
0.2986 1 3 24.3627
0.3002 1 2 39.6349
0.3002 1 3 24.3627
0.3018 1 2 39.6349
0.3018 1 3 24.3627
0.3034 1 2 39.6349
0.3034 1 3 24.3627
0.305 1 2 39.6349
0.305 1 3 24.3627
0.3066 1 2 39.6349
0.3066 1 3 24.3627
0.3082 1 2 39.6349
0.3082 1 3 24.3627
0.3098 1 2 39.6349
0.3098 1 3 24.3627
0.3114 1 2 39.6349
0.3114 1 3 24.3627
0.313 1 2 39.6349
0.313 1 3 24.3627
0.3146 1 2 39.6349
0.3146 1 3 24.3627
0.3162 1 2 39.6349
0.3162 1 3 24.3627
0.3178 1 2 39.6349
0.3178 1 3 24.3627
0.3194 1 2 39.6349
0.3194 1 3 24.3627
0.321 1 2 39.6349
0.321 1 3 24.3627
0.3226 1 2 39.6349
0.3226 1 3 24.3627
0.3242 1 2 39.6349
0.3242 1 3 24.3627
0.3258 1 2 39.6349
0.3258 1 3 24.3627
0.3274 1 2 39.6349
0.3274 1 3 24.3627
0.329 1 2 39.6349
0.329 1 3 24.3627
0.3306 1 2 39.6349
0.3306 1 3 24.3627
0.3322 1 2 39.6349
0.3322 1 3 24.3627
0.3338 1 2 39.6349
0.3338 1 3 24.3627
0.3354 1 2 39.6349
0.3354 1 3 24.3627
0.337 1 2 39.6349
0.337 1 3 24.3627
0.3386 1 2 39.6349
0.3386 1 3 24.3627
0.3402 1 2 39.6349
0.3402 1 3 24.3627
0.3418 1 2 39.6349
0.3418 1 3 24.3627
0.3434 1 2 39.6349
0.3434 1 3 24.3627
0.345 1 2 39.6349
0.345 1 3 24.3627
0.3466 1 2 39.6349
0.3466 1 3 24.3627
0.3482 1 2 39.6349
0.3482 1 3 24.3627
0.3498 1 2 39.6349
0.3498 1 3 24.3627
0.3514 1 2 39.6349
0.3514 1 3 24.3627
0.353 1 2 39.6349
0.353 1 3 24.3627
0.3546 1 2 39.6349
0.3546 1 3 24.3627
0.3562 1 2 39.6349
0.3562 1 3 24.3627
0.3578 1 2 39.6349
0.3578 1 3 24.3627
0.3594 1 2 39.6349
0.3594 1 3 24.3627
0.361 1 2 39.6349
0.361 1 3 24.3627
0.3626 1 2 39.6349
0.3626 1 3 24.3627
0.3642 1 2 39.6349
0.3642 1 3 24.3627
0.3658 1 2 39.6349
0.3658 1 3 24.3627
0.3674 1 2 39.6349
0.3674 1 3 24.3627
0.369 1 2 39.6349
0.369 1 3 24.3627
0.3706 1 2 39.6349
0.3706 1 3 24.3627
0.3722 1 2 39.6349
0.3722 1 3 24.3627
0.3738 1 2 39.6349
0.3738 1 3 24.3627
0.3754 1 2 39.6349
0.3754 1 3 24.3627
0.377 1 2 39.6349
0.377 1 3 24.3627
0.3786 1 2 39.6349
0.3786 1 3 24.3627
0.3802 1 2 39.6349
0.3802 1 3 24.3627
0.3818 1 2 39.6349
0.3818 1 3 24.3627
0.3834 1 2 39.6349
0.3834 1 3 24.3627
0.385 1 2 39.6349
0.385 1 3 24.3627
0.3866 1 2 39.6349
0.3866 1 3 24.3627
0.3882 1 2 39.6349
0.3882 1 3 24.3627
0.3898 1 2 39.6349
0.3898 1 3 24.3627
0.3914 1 2 39.6349
0.3914 1 3 24.3627
0.393 1 2 39.6349
0.393 1 3 24.3627
0.3946 1 2 39.6349
0.3946 1 3 24.3627
0.3962 1 2 39.6349
0.3962 1 3 24.3627
0.3978 1 2 39.6349
0.3978 1 3 24.3627
0.3994 1 2 39.6349
0.3994 1 3 24.3627
0.401 1 2 39.6349
0.401 1 3 24.3627
0.4026 1 2 39.6349
0.4026 1 3 24.3627
0.4042 1 2 39.6349
0.4042 1 3 24.3627
0.4058 1 2 39.6349
0.4058 1 3 24.3627
0.4074 1 2 39.6349
0.4074 1 3 24.3627
0.409 1 2 39.6349
0.409 1 3 24.3627
0.4106 1 2 39.6349
0.4106 1 3 24.3627
0.4122 1 2 39.6349
0.4122 1 3 24.3627
0.4138 1 2 39.6349
0.4138 1 3 24.3627
0.4154 1 2 39.6349
0.4154 1 3 24.3627
0.417 1 2 39.6349
0.417 1 3 24.3627
0.4186 1 2 39.6349
0.4186 1 3 24.3627
0.4202 1 2 39.6349
0.4202 1 3 24.3627
0.4218 1 2 39.6349
0.4218 1 3 24.3627
0.4234 1 2 39.6349
0.4234 1 3 24.3627
0.425 1 2 39.6349
0.425 1 3 24.3627
0.4266 1 2 39.6349
0.4266 1 3 24.3627
0.4282 1 2 39.6349
0.4282 1 3 24.3627
0.4298 1 2 39.6349
0.4298 1 3 24.3627
0.4314 1 2 39.6349
0.4314 1 3 24.3627
0.433 1 2 39.6349
0.433 1 3 24.3627
0.4346 1 2 39.6349
0.4346 1 3 24.3627
0.4362 1 2 39.6349
0.4362 1 3 24.3627
0.4378 1 2 39.6349
0.4378 1 3 24.3627
0.4394 1 2 39.6349
0.4394 1 3 24.3627
0.441 1 2 39.6349
0.441 1 3 24.3627
0.4426 1 2 39.6349
0.4426 1 3 24.3627
0.4442 1 2 39.6349
0.4442 1 3 24.3627
0.4458 1 2 39.6349
0.4458 1 3 24.3627
0.4474 1 2 39.6349
0.4474 1 3 24.3627
0.449 1 2 39.6349
0.449 1 3 24.3627
0.4506 1 2 39.6349
0.4506 1 3 24.3627
0.4522 1 2 39.6349
0.4522 1 3 24.3627
0.4538 1 2 39.6349
0.4538 1 3 24.3627
0.4554 1 2 39.6349
0.4554 1 3 24.3627
0.457 1 2 39.6349
0.457 1 3 24.3627
0.4586 1 2 39.6349
0.4586 1 3 24.3627
0.4602 1 2 39.6349
0.4602 1 3 24.3627
0.4618 1 2 39.6349
0.4618 1 3 24.3627
0.4634 1 2 39.6349
0.4634 1 3 24.3627
0.465 1 2 39.6349
0.465 1 3 24.3627
0.4666 1 2 39.6349
0.4666 1 3 24.3627
0.4682 1 2 39.6349
0.4682 1 3 24.3627
0.4698 1 2 39.6349
0.4698 1 3 24.3627
0.4714 1 2 39.6349
0.4714 1 3 24.3627
0.473 1 2 39.6349
0.473 1 3 24.3627
0.4746 1 2 39.6349
0.4746 1 3 24.3627
0.4762 1 2 39.6349
0.4762 1 3 24.3627
0.4778 1 2 39.6349
0.4778 1 3 24.3627
0.4794 1 2 39.6349
0.4794 1 3 24.3627
0.481 1 2 39.6349
0.481 1 3 24.3627
0.4826 1 2 39.6349
0.4826 1 3 24.3627
0.4842 1 2 39.6349
0.4842 1 3 24.3627
0.4858 1 2 39.6349
0.4858 1 3 24.3627
0.4874 1 2 39.6349
0.4874 1 3 24.3627
0.489 1 2 39.6349
0.489 1 3 24.3627
0.4906 1 2 39.6349
0.4906 1 3 24.3627
0.4922 1 2 39.6349
0.4922 1 3 24.3627
0.4938 1 2 39.6349
0.4938 1 3 24.3627
0.4954 1 2 39.6349
0.4954 1 3 24.3627
0.497 1 2 39.6349
0.497 1 3 24.3627
0.4986 1 2 39.6349
0.4986 1 3 24.3627
0.5002 1 2 39.6349
0.5002 1 3 24.3627
0.5018 1 2 39.5888
0.5018 1 3 24.3015
0.5034 1 2 40.0097
0.5034 1 3 24.0621
0.505 1 2 40.1661
0.505 1 3 24.2736
0.5066 1 2 40.3661
0.5066 1 3 24.5245
0.5082 1 2 40.4727
0.5082 1 3 24.6023
0.5098 1 2 40.1702
0.5098 1 3 24.5126
0.5114 1 2 39.9502
0.5114 1 3 24.3034
0.513 1 2 40.1527
0.513 1 3 24.4799
0.5146 1 2 39.8852
0.5146 1 3 24.8358
0.5162 1 2 40.0543
0.5162 1 3 24.7855
0.5178 1 2 39.8811
0.5178 1 3 24.8484
0.5194 1 2 40.4063
0.5194 1 3 25.1787
0.521 1 2 40.5003
0.521 1 3 24.7315
0.5226 1 2 40.6235
0.5226 1 3 24.8618
0.5242 1 2 40.7613
0.5242 1 3 24.3375
0.5258 1 2 40.8463
0.5258 1 3 24.6105
0.5274 1 2 40.5894
0.5274 1 3 25.0849
0.529 1 2 40.4538
0.529 1 3 25.0031
0.5306 1 2 40.2449
0.5306 1 3 24.9609
0.5322 1 2 40.245
0.5322 1 3 24.8291
0.5338 1 2 39.7882
0.5338 1 3 24.8025
0.5354 1 2 40.0627
0.5354 1 3 24.5505
0.537 1 2 40.239
0.537 1 3 25.1268
0.5386 1 2 40.7705
0.5386 1 3 24.9727
0.5402 1 2 40.8018
0.5402 1 3 25.1275
0.5418 1 2 40.6534
0.5418 1 3 25.3163
0.5434 1 2 40.9441
0.5434 1 3 24.9944
0.545 1 2 40.9205
0.545 1 3 24.9789
0.5466 1 2 41.1328
0.5466 1 3 24.791
0.5482 1 2 41.3384
0.5482 1 3 24.338
0.5498 1 2 41.6315
0.5498 1 3 23.8186
0.5514 1 2 42.3871
0.5514 1 3 23.7096
0.553 1 2 43.0708
0.553 1 3 23.6709
0.5546 1 2 43.272
0.5546 1 3 23.3894
0.5562 1 2 43.2389
0.5562 1 3 23.6603
0.5578 1 2 43.0811
0.5578 1 3 23.8461
0.5594 1 2 43.0991
0.5594 1 3 24.5142
0.561 1 2 42.592
0.561 1 3 24.5529
0.5626 1 2 43.053
0.5626 1 3 24.3788
0.5642 1 2 43.1193
0.5642 1 3 24.4888
0.5658 1 2 42.7795
0.5658 1 3 24.7305
0.5674 1 2 42.923
0.5674 1 3 24.7832
0.569 1 2 42.7788
0.569 1 3 24.553
0.5706 1 2 43.2993
0.5706 1 3 24.748
0.5722 1 2 43.4001
0.5722 1 3 25.3511
0.5738 1 2 43.8751
0.5738 1 3 25.6556
0.5754 1 2 44.0528
0.5754 1 3 25.7131
0.577 1 2 43.8983
0.577 1 3 25.9817
0.5786 1 2 44.3345
0.5786 1 3 25.7897
0.5802 1 2 44.0622
0.5802 1 3 25.8888
0.5818 1 2 44.5691
0.5818 1 3 25.9851
0.5834 1 2 44.8682
0.5834 1 3 25.3865
0.585 1 2 44.9813
0.585 1 3 25.3292
0.5866 1 2 45.1665
0.5866 1 3 24.458
0.5882 1 2 44.8799
0.5882 1 3 24.8957
0.5898 1 2 44.9234
0.5898 1 3 24.8172
0.5914 1 2 45.059
0.5914 1 3 24.9592
0.593 1 2 45.6777
0.593 1 3 24.2914
0.5946 1 2 45.362
0.5946 1 3 24.8844
0.5962 1 2 45.1909
0.5962 1 3 25.3335
0.5978 1 2 45.2398
0.5978 1 3 25.2837
0.5994 1 2 45.9688
0.5994 1 3 25.3519
0.601 1 2 45.9802
0.601 1 3 25.0652
0.6026 1 2 45.7598
0.6026 1 3 24.8791
0.6042 1 2 45.8846
0.6042 1 3 25.2678
0.6058 1 2 45.6809
0.6058 1 3 25.1379
0.6074 1 2 46.2681
0.6074 1 3 24.9446
0.609 1 2 46.153
0.609 1 3 24.8465
0.6106 1 2 45.8575
0.6106 1 3 24.8214
0.6122 1 2 45.7331
0.6122 1 3 24.985
0.6138 1 2 45.6808
0.6138 1 3 24.924
0.6154 1 2 45.6605
0.6154 1 3 25.0045
0.617 1 2 45.6991
0.617 1 3 24.8572
0.6186 1 2 45.2983
0.6186 1 3 25.3716
0.6202 1 2 45.3929
0.6202 1 3 25.0082
0.6218 1 2 45.0835
0.6218 1 3 25.181
0.6234 1 2 44.7712
0.6234 1 3 25.126
0.625 1 2 44.7063
0.625 1 3 25.1526
0.6266 1 2 44.5817
0.6266 1 3 25.6602
0.6282 1 2 44.4587
0.6282 1 3 25.9681
0.6298 1 2 44.5774
0.6298 1 3 25.8031
0.6314 1 2 44.5867
0.6314 1 3 25.5549
0.633 1 2 44.0967
0.633 1 3 25.7715
0.6346 1 2 44.0866
0.6346 1 3 25.6504
0.6362 1 2 44.191
0.6362 1 3 25.5707
0.6378 1 2 44.2815
0.6378 1 3 25.3001
0.6394 1 2 44.8051
0.6394 1 3 24.77
0.641 1 2 44.8327
0.641 1 3 24.8637
0.6426 1 2 45.0458
0.6426 1 3 24.4529
0.6442 1 2 44.8773
0.6442 1 3 24.0102
0.6458 1 2 44.8119
0.6458 1 3 23.7961
0.6474 1 2 44.5308
0.6474 1 3 23.6795
0.649 1 2 44.2925
0.649 1 3 23.5517
0.6506 1 2 44.6333
0.6506 1 3 23.519
0.6522 1 2 44.3817
0.6522 1 3 23.7614
0.6538 1 2 44.0838
0.6538 1 3 23.4339
0.6554 1 2 44.0148
0.6554 1 3 23.1803
0.657 1 2 44.2222
0.657 1 3 22.6913
0.6586 1 2 43.7672
0.6586 1 3 22.9567
0.6602 1 2 43.7853
0.6602 1 3 23.0878
0.6618 1 2 43.5843
0.6618 1 3 23.0467
0.6634 1 2 43.6225
0.6634 1 3 23.2244
0.665 1 2 43.4301
0.665 1 3 22.9966
0.6666 1 2 43.7624
0.6666 1 3 23.2092
0.6682 1 2 43.9682
0.6682 1 3 22.9297
0.6698 1 2 44.2503
0.6698 1 3 23.4433
0.6714 1 2 44.4103
0.6714 1 3 23.3509
0.673 1 2 44.1338
0.673 1 3 23.6807
0.6746 1 2 44.0046
0.6746 1 3 24.2134
0.6762 1 2 44.2508
0.6762 1 3 23.9724
0.6778 1 2 44.1449
0.6778 1 3 23.7275
0.6794 1 2 44.293
0.6794 1 3 23.4042
0.681 1 2 44.2106
0.681 1 3 23.8893
0.6826 1 2 43.3511
0.6826 1 3 23.8207
0.6842 1 2 43.5515
0.6842 1 3 23.6309
0.6858 1 2 43.6621
0.6858 1 3 23.2503
0.6874 1 2 44.0216
0.6874 1 3 23.1908
0.689 1 2 44.1522
0.689 1 3 23.6415
0.6906 1 2 44.3011
0.6906 1 3 23.8197
0.6922 1 2 44.379
0.6922 1 3 24.0292
0.6938 1 2 43.8769
0.6938 1 3 23.6726
0.6954 1 2 44.0817
0.6954 1 3 23.2294
0.697 1 2 43.4755
0.697 1 3 23.0044
0.6986 1 2 43.3865
0.6986 1 3 23.078
0.7002 1 2 43.2293
0.7002 1 3 22.8232
0.7018 1 2 43.1259
0.7018 1 3 22.8913
0.7034 1 2 43.4256
0.7034 1 3 22.8306
0.705 1 2 43.3891
0.705 1 3 23.1191
0.7066 1 2 43.1566
0.7066 1 3 23.5958
0.7082 1 2 43.1376
0.7082 1 3 23.5251
0.7098 1 2 42.9087
0.7098 1 3 23.0179
0.7114 1 2 42.9732
0.7114 1 3 22.5857
0.713 1 2 42.4422
0.713 1 3 23.0289
0.7146 1 2 42.8637
0.7146 1 3 23.4322
0.7162 1 2 42.9031
0.7162 1 3 23.2781
0.7178 1 2 43.3459
0.7178 1 3 23.2912
0.7194 1 2 43.2892
0.7194 1 3 23.4049
0.721 1 2 43.7392
0.721 1 3 23.2614
0.7226 1 2 43.7881
0.7226 1 3 23.2274
0.7242 1 2 43.4846
0.7242 1 3 23.3316
0.7258 1 2 43.54
0.7258 1 3 23.2388
0.7274 1 2 43.089
0.7274 1 3 23.5076
0.729 1 2 43.0727
0.729 1 3 23.3133
0.7306 1 2 42.4314
0.7306 1 3 22.6127
0.7322 1 2 42.2049
0.7322 1 3 22.5225
0.7338 1 2 42.4083
0.7338 1 3 22.4464
0.7354 1 2 42.5237
0.7354 1 3 22.6614
0.737 1 2 43.2851
0.737 1 3 22.4329
0.7386 1 2 43.4639
0.7386 1 3 22.5921
0.7402 1 2 43.1411
0.7402 1 3 23.0999
0.7418 1 2 43.4468
0.7418 1 3 23.1774
0.7434 1 2 43.5951
0.7434 1 3 23.0493
0.745 1 2 43.225
0.745 1 3 22.9548
0.7466 1 2 43.4446
0.7466 1 3 22.9391
0.7482 1 2 43.5085
0.7482 1 3 22.7617
0.7498 1 2 43.8672
0.7498 1 3 22.7215
0.7514 1 2 43.6582
0.7514 1 3 22.334
0.753 1 2 43.7016
0.753 1 3 22.4015
0.7546 1 2 43.7284
0.7546 1 3 22.3636
0.7562 1 2 43.5235
0.7562 1 3 22.113
0.7578 1 2 43.8705
0.7578 1 3 21.8353
0.7594 1 2 43.6786
0.7594 1 3 21.4736
0.761 1 2 43.14
0.761 1 3 21.4661
0.7626 1 2 43.4963
0.7626 1 3 21.4974
0.7642 1 2 43.2954
0.7642 1 3 21.5169
0.7658 1 2 43.3728
0.7658 1 3 21.6059
0.7674 1 2 43.6209
0.7674 1 3 21.617
0.769 1 2 43.899
0.769 1 3 21.7902
0.7706 1 2 44.3883
0.7706 1 3 21.9182
0.7722 1 2 44.5459
0.7722 1 3 21.8079
0.7738 1 2 44.7007
0.7738 1 3 22.3517
0.7754 1 2 44.3876
0.7754 1 3 22.855
0.777 1 2 44.6415
0.777 1 3 23.2027
0.7786 1 2 44.4681
0.7786 1 3 23.0511
0.7802 1 2 44.5024
0.7802 1 3 23.1423
0.7818 1 2 44.2331
0.7818 1 3 23.4516
0.7834 1 2 44.6606
0.7834 1 3 24.0212
0.785 1 2 44.5341
0.785 1 3 24.1483
0.7866 1 2 44.9813
0.7866 1 3 24.3414
0.7882 1 2 44.9021
0.7882 1 3 24.1835
0.7898 1 2 45.2103
0.7898 1 3 23.968
0.7914 1 2 44.7178
0.7914 1 3 24.2462
0.793 1 2 44.6098
0.793 1 3 23.971
0.7946 1 2 44.5064
0.7946 1 3 23.9172
0.7962 1 2 44.1088
0.7962 1 3 23.7792
0.7978 1 2 44.0328
0.7978 1 3 23.5874
0.7994 1 2 43.6011
0.7994 1 3 23.4177
0.801 1 2 44.2556
0.801 1 3 23.9419
0.8026 1 2 44.3031
0.8026 1 3 24.1566
0.8042 1 2 44.1489
0.8042 1 3 24.2429
0.8058 1 2 44.3666
0.8058 1 3 24.4002
0.8074 1 2 44.456
0.8074 1 3 24.7369
0.809 1 2 44.4412
0.809 1 3 24.9042
0.8106 1 2 44.2971
0.8106 1 3 24.7153
0.8122 1 2 44.4558
0.8122 1 3 24.2632
0.8138 1 2 44.9556
0.8138 1 3 24.4607
0.8154 1 2 44.5652
0.8154 1 3 24.7518
0.817 1 2 44.5862
0.817 1 3 24.8565
0.8186 1 2 44.8136
0.8186 1 3 24.7353
0.8202 1 2 44.7472
0.8202 1 3 24.7042
0.8218 1 2 44.9669
0.8218 1 3 24.2496
0.8234 1 2 44.886
0.8234 1 3 24.1031
0.825 1 2 44.6168
0.825 1 3 24.4999
0.8266 1 2 44.7503
0.8266 1 3 24.4235
0.8282 1 2 44.4159
0.8282 1 3 23.857
0.8298 1 2 44.1805
0.8298 1 3 23.4064
0.8314 1 2 44.508
0.8314 1 3 23.7437
0.833 1 2 44.6544
0.833 1 3 23.6665
0.8346 1 2 44.8287
0.8346 1 3 23.6746
0.8362 1 2 44.9125
0.8362 1 3 23.4593
0.8378 1 2 44.5866
0.8378 1 3 23.854
0.8394 1 2 44.5606
0.8394 1 3 23.3921
0.841 1 2 44.7107
0.841 1 3 23.5216
0.8426 1 2 44.5624
0.8426 1 3 23.8469
0.8442 1 2 44.7384
0.8442 1 3 23.2764
0.8458 1 2 43.9169
0.8458 1 3 22.6109
0.8474 1 2 43.8205
0.8474 1 3 23.6184
0.849 1 2 43.5174
0.849 1 3 23.5987
0.8506 1 2 43.2744
0.8506 1 3 23.5919
0.8522 1 2 43.496
0.8522 1 3 23.4007
0.8538 1 2 43.5249
0.8538 1 3 23.502
0.8554 1 2 43.8416
0.8554 1 3 23.2818
0.857 1 2 44.0235
0.857 1 3 22.9462
0.8586 1 2 43.8615
0.8586 1 3 23.0049
0.8602 1 2 43.7019
0.8602 1 3 22.9217
0.8618 1 2 43.1439
0.8618 1 3 22.496
0.8634 1 2 42.8258
0.8634 1 3 23.0456
0.865 1 2 42.5523
0.865 1 3 23.2044
0.8666 1 2 42.4092
0.8666 1 3 23.1004
0.8682 1 2 42.7643
0.8682 1 3 23.2881
0.8698 1 2 42.604
0.8698 1 3 23.0444
0.8714 1 2 42.8963
0.8714 1 3 23.1138
0.873 1 2 43.2863
0.873 1 3 22.9734
0.8746 1 2 43.6649
0.8746 1 3 22.6056
0.8762 1 2 43.4955
0.8762 1 3 23.0774
0.8778 1 2 43.6537
0.8778 1 3 22.7934
0.8794 1 2 43.4041
0.8794 1 3 22.8413
0.881 1 2 43.525
0.881 1 3 22.8369
0.8826 1 2 43.3872
0.8826 1 3 23.003
0.8842 1 2 43.2292
0.8842 1 3 22.9508
0.8858 1 2 43.234
0.8858 1 3 22.867
0.8874 1 2 43.4758
0.8874 1 3 22.9025
0.889 1 2 43.9059
0.889 1 3 23.3413
0.8906 1 2 43.9833
0.8906 1 3 23.2808
0.8922 1 2 43.6126
0.8922 1 3 23.0193
0.8938 1 2 43.6815
0.8938 1 3 23.1639
0.8954 1 2 43.2861
0.8954 1 3 22.959
0.897 1 2 43.6336
0.897 1 3 23.3027
0.8986 1 2 43.7823
0.8986 1 3 23.634
0.9002 1 2 43.6994
0.9002 1 3 23.2069
0.9018 1 2 43.8318
0.9018 1 3 23.1113
0.9034 1 2 43.4907
0.9034 1 3 23.0422
0.905 1 2 43.5106
0.905 1 3 22.3163
0.9066 1 2 43.526
0.9066 1 3 21.7301
0.9082 1 2 43.6804
0.9082 1 3 21.3921
0.9098 1 2 43.7417
0.9098 1 3 21.6288
0.9114 1 2 43.7923
0.9114 1 3 21.6591
0.913 1 2 43.4751
0.913 1 3 22.099
0.9146 1 2 43.6012
0.9146 1 3 22.574
0.9162 1 2 43.3166
0.9162 1 3 22.3944
0.9178 1 2 43.7169
0.9178 1 3 22.4646
0.9194 1 2 43.3956
0.9194 1 3 22.5667
0.921 1 2 43.4295
0.921 1 3 22.3643
0.9226 1 2 43.3079
0.9226 1 3 22.2549
0.9242 1 2 43.2429
0.9242 1 3 22.0786
0.9258 1 2 43.1021
0.9258 1 3 22.4922
0.9274 1 2 42.9007
0.9274 1 3 22.4966
0.929 1 2 42.596
0.929 1 3 22.5361
0.9306 1 2 42.3451
0.9306 1 3 23.0731
0.9322 1 2 42.0034
0.9322 1 3 23.3796
0.9338 1 2 41.6444
0.9338 1 3 23.0813
0.9354 1 2 41.9076
0.9354 1 3 23.2489
0.937 1 2 41.8888
0.937 1 3 23.4053
0.9386 1 2 42.3411
0.9386 1 3 23.4705
0.9402 1 2 42.4149
0.9402 1 3 23.8888
0.9418 1 2 42.526
0.9418 1 3 24.1281
0.9434 1 2 42.2436
0.9434 1 3 23.982
0.945 1 2 41.4937
0.945 1 3 23.7098
0.9466 1 2 41.4479
0.9466 1 3 23.5868
0.9482 1 2 41.7988
0.9482 1 3 23.3317
0.9498 1 2 41.7668
0.9498 1 3 22.7924
0.9514 1 2 41.6284
0.9514 1 3 22.8837
0.953 1 2 41.6716
0.953 1 3 22.1969
0.9546 1 2 41.6374
0.9546 1 3 22.3732
0.9562 1 2 41.6877
0.9562 1 3 21.9685
0.9578 1 2 41.4468
0.9578 1 3 21.6846
0.9594 1 2 41.4828
0.9594 1 3 21.5724
0.961 1 2 41.2223
0.961 1 3 20.672
0.9626 1 2 41.9204
0.9626 1 3 20.3033
0.9642 1 2 42.2707
0.9642 1 3 20.7077
0.9658 1 2 42.5733
0.9658 1 3 20.6901
0.9674 1 2 42.3892
0.9674 1 3 20.5589
0.969 1 2 42.7531
0.969 1 3 21.0774
0.9706 1 2 42.4596
0.9706 1 3 20.9842
0.9722 1 2 42.5541
0.9722 1 3 20.916
0.9738 1 2 42.7062
0.9738 1 3 20.5851
0.9754 1 2 42.6968
0.9754 1 3 20.5164
0.977 1 2 42.6104
0.977 1 3 20.3662
0.9786 1 2 42.1178
0.9786 1 3 20.4459
0.9802 1 2 42.049
0.9802 1 3 20.5111
0.9818 1 2 41.7196
0.9818 1 3 19.9837
0.9834 1 2 41.6486
0.9834 1 3 19.6797
0.985 1 2 41.4527
0.985 1 3 19.8952
0.9866 1 2 41.1671
0.9866 1 3 19.6367
0.9882 1 2 41.174
0.9882 1 3 19.0803
0.9898 1 2 41.2164
0.9898 1 3 19.1062
0.9914 1 2 41.002
0.9914 1 3 19.1416
0.993 1 2 40.8506
0.993 1 3 18.9204
0.9946 1 2 40.3518
0.9946 1 3 19.2658
0.9962 1 2 40.0681
0.9962 1 3 19.8515
0.9978 1 2 40.0996
0.9978 1 3 19.5568
0.9994 1 2 40.8562
0.9994 1 3 19.8213
1.001 1 2 40.8687
1.001 1 3 19.6319
1.0026 1 2 41.3979
1.0026 1 3 19.768
1.0042 1 2 40.7636
1.0042 1 3 19.5154
1.0058 1 2 41.2305
1.0058 1 3 19.5226
1.0074 1 2 41.0531
1.0074 1 3 19.8102
1.009 1 2 40.9543
1.009 1 3 19.8154
1.0106 1 2 40.8791
1.0106 1 3 19.7583
1.0122 1 2 41.3006
1.0122 1 3 19.5754
1.0138 1 2 41.8105
1.0138 1 3 19.7532
1.0154 1 2 41.7444
1.0154 1 3 19.7278
1.017 1 2 41.3338
1.017 1 3 19.5054
1.0186 1 2 41.5369
1.0186 1 3 19.324
1.0202 1 2 41.1407
1.0202 1 3 19.3521
1.0218 1 2 41.035
1.0218 1 3 19.1262
1.0234 1 2 41.0812
1.0234 1 3 19.587
1.025 1 2 41.0393
1.025 1 3 19.5436
1.0266 1 2 40.6981
1.0266 1 3 19.1838
1.0282 1 2 41.328
1.0282 1 3 18.9496
1.0298 1 2 40.9553
1.0298 1 3 18.6493
1.0314 1 2 41.4414
1.0314 1 3 18.8063
1.033 1 2 41.2971
1.033 1 3 18.5507
1.0346 1 2 41.3098
1.0346 1 3 18.5318
1.0362 1 2 41.3347
1.0362 1 3 18.8894
1.0378 1 2 41.5703
1.0378 1 3 18.8638
1.0394 1 2 41.7053
1.0394 1 3 19.5884
1.041 1 2 42.0196
1.041 1 3 19.5182
1.0426 1 2 41.93
1.0426 1 3 19.5837
1.0442 1 2 41.8453
1.0442 1 3 19.8726
1.0458 1 2 41.9237
1.0458 1 3 19.614
1.0474 1 2 42.409
1.0474 1 3 19.3197
1.049 1 2 42.4519
1.049 1 3 19.8041
1.0506 1 2 42.4263
1.0506 1 3 20.0236
1.0522 1 2 41.9823
1.0522 1 3 19.6414
1.0538 1 2 41.9504
1.0538 1 3 19.9586
1.0554 1 2 41.7457
1.0554 1 3 19.5207
1.057 1 2 41.3404
1.057 1 3 19.8597
