0.001 1 2 43.6864
0.001 1 3 6.58329
0.001 1 4 8.55684
0.0026 1 2 43.6864
0.0026 1 3 6.58329
0.0026 1 4 8.55684
0.0042 1 2 43.6864
0.0042 1 3 6.58329
0.0042 1 4 8.55684
0.0058 1 2 43.6864
0.0058 1 3 6.58329
0.0058 1 4 8.55684
0.0074 1 2 43.6864
0.0074 1 3 6.58329
0.0074 1 4 8.55684
0.009 1 2 43.6864
0.009 1 3 6.58329
0.009 1 4 8.55684
0.0106 1 2 43.6864
0.0106 1 3 6.58329
0.0106 1 4 8.55684
0.0122 1 2 43.6864
0.0122 1 3 6.58329
0.0122 1 4 8.55684
0.0138 1 2 43.6864
0.0138 1 3 6.58329
0.0138 1 4 8.55684
0.0154 1 2 43.6864
0.0154 1 3 6.58329
0.0154 1 4 8.55684
0.017 1 2 43.6864
0.017 1 3 6.58329
0.017 1 4 8.55684
0.0186 1 2 43.6864
0.0186 1 3 6.58329
0.0186 1 4 8.55684
0.0202 1 2 43.6864
0.0202 1 3 6.58329
0.0202 1 4 8.55684
0.0218 1 2 43.6864
0.0218 1 3 6.58329
0.0218 1 4 8.55684
0.0234 1 2 43.6864
0.0234 1 3 6.58329
0.0234 1 4 8.55684
0.025 1 2 43.6864
0.025 1 3 6.58329
0.025 1 4 8.55684
0.0266 1 2 43.6864
0.0266 1 3 6.58329
0.0266 1 4 8.55684
0.0282 1 2 43.6864
0.0282 1 3 6.58329
0.0282 1 4 8.55684
0.0298 1 2 43.6864
0.0298 1 3 6.58329
0.0298 1 4 8.55684
0.0314 1 2 43.6864
0.0314 1 3 6.58329
0.0314 1 4 8.55684
0.033 1 2 43.6864
0.033 1 3 6.58329
0.033 1 4 8.55684
0.0346 1 2 43.6864
0.0346 1 3 6.58329
0.0346 1 4 8.55684
0.0362 1 2 43.6864
0.0362 1 3 6.58329
0.0362 1 4 8.55684
0.0378 1 2 43.6864
0.0378 1 3 6.58329
0.0378 1 4 8.55684
0.0394 1 2 43.6864
0.0394 1 3 6.58329
0.0394 1 4 8.55684
0.041 1 2 43.6864
0.041 1 3 6.58329
0.041 1 4 8.55684
0.0426 1 2 43.6864
0.0426 1 3 6.58329
0.0426 1 4 8.55684
0.0442 1 2 43.6864
0.0442 1 3 6.58329
0.0442 1 4 8.55684
0.0458 1 2 43.6864
0.0458 1 3 6.58329
0.0458 1 4 8.55684
0.0474 1 2 43.6864
0.0474 1 3 6.58329
0.0474 1 4 8.55684
0.049 1 2 43.6864
0.049 1 3 6.58329
0.049 1 4 8.55684
0.0506 1 2 43.6864
0.0506 1 3 6.58329
0.0506 1 4 8.55684
0.0522 1 2 43.6864
0.0522 1 3 6.58329
0.0522 1 4 8.55684
0.0538 1 2 43.6864
0.0538 1 3 6.58329
0.0538 1 4 8.55684
0.0554 1 2 43.6864
0.0554 1 3 6.58329
0.0554 1 4 8.55684
0.057 1 2 43.6864
0.057 1 3 6.58329
0.057 1 4 8.55684
0.0586 1 2 43.6864
0.0586 1 3 6.58329
0.0586 1 4 8.55684
0.0602 1 2 43.6864
0.0602 1 3 6.58329
0.0602 1 4 8.55684
0.0618 1 2 43.6864
0.0618 1 3 6.58329
0.0618 1 4 8.55684
0.0634 1 2 43.6864
0.0634 1 3 6.58329
0.0634 1 4 8.55684
0.065 1 2 43.6864
0.065 1 3 6.58329
0.065 1 4 8.55684
0.0666 1 2 43.6864
0.0666 1 3 6.58329
0.0666 1 4 8.55684
0.0682 1 2 43.6864
0.0682 1 3 6.58329
0.0682 1 4 8.55684
0.0698 1 2 43.6864
0.0698 1 3 6.58329
0.0698 1 4 8.55684
0.0714 1 2 43.6864
0.0714 1 3 6.58329
0.0714 1 4 8.55684
0.073 1 2 43.6864
0.073 1 3 6.58329
0.073 1 4 8.55684
0.0746 1 2 43.6864
0.0746 1 3 6.58329
0.0746 1 4 8.55684
0.0762 1 2 43.6864
0.0762 1 3 6.58329
0.0762 1 4 8.55684
0.0778 1 2 43.6864
0.0778 1 3 6.58329
0.0778 1 4 8.55684
0.0794 1 2 43.6864
0.0794 1 3 6.58329
0.0794 1 4 8.55684
0.081 1 2 43.6864
0.081 1 3 6.58329
0.081 1 4 8.55684
0.0826 1 2 43.6864
0.0826 1 3 6.58329
0.0826 1 4 8.55684
0.0842 1 2 43.6864
0.0842 1 3 6.58329
0.0842 1 4 8.55684
0.0858 1 2 43.6864
0.0858 1 3 6.58329
0.0858 1 4 8.55684
0.0874 1 2 43.6864
0.0874 1 3 6.58329
0.0874 1 4 8.55684
0.089 1 2 43.6864
0.089 1 3 6.58329
0.089 1 4 8.55684
0.0906 1 2 43.6864
0.0906 1 3 6.58329
0.0906 1 4 8.55684
0.0922 1 2 43.6864
0.0922 1 3 6.58329
0.0922 1 4 8.55684
0.0938 1 2 43.6864
0.0938 1 3 6.58329
0.0938 1 4 8.55684
0.0954 1 2 43.6864
0.0954 1 3 6.58329
0.0954 1 4 8.55684
0.097 1 2 43.6864
0.097 1 3 6.58329
0.097 1 4 8.55684
0.0986 1 2 43.6864
0.0986 1 3 6.58329
0.0986 1 4 8.55684
0.1002 1 2 43.6864
0.1002 1 3 6.58329
0.1002 1 4 8.55684
0.1018 1 2 43.727
0.1018 1 3 5.74637
0.1018 1 4 8.48297
0.1034 1 2 43.6064
0.1034 1 3 7.06073
0.1034 1 4 8.60489
0.105 1 2 43.6958
0.105 1 3 6.30844
0.105 1 4 8.64998
0.1066 1 2 43.6224
0.1066 1 3 5.75344
0.1066 1 4 8.63497
0.1082 1 2 43.8245
0.1082 1 3 7.27119
0.1082 1 4 8.27872
0.1098 1 2 43.7059
0.1098 1 3 6.70104
0.1098 1 4 8.55545
0.1114 1 2 43.7673
0.1114 1 3 6.61372
0.1114 1 4 8.86864
0.113 1 2 43.7403
0.113 1 3 6.8033
0.113 1 4 8.6956
0.1146 1 2 43.773
0.1146 1 3 6.00156
0.1146 1 4 8.06885
0.1162 1 2 43.8369
0.1162 1 3 6.94566
0.1162 1 4 7.79719
0.1178 1 2 43.9811
0.1178 1 3 7.03005
0.1178 1 4 8.28726
0.1194 1 2 44.109
0.1194 1 3 6.38228
0.1194 1 4 8.82068
0.121 1 2 44.096
0.121 1 3 7.57698
0.121 1 4 8.5536
0.1226 1 2 43.9426
0.1226 1 3 6.55602
0.1226 1 4 8.07432
0.1242 1 2 43.9239
0.1242 1 3 6.36964
0.1242 1 4 8.00581
0.1258 1 2 43.8603
0.1258 1 3 6.45118
0.1258 1 4 7.8616
0.1274 1 2 43.9073
0.1274 1 3 5.1924
0.1274 1 4 8.31643
0.129 1 2 43.885
0.129 1 3 5.70225
0.129 1 4 8.23018
0.1306 1 2 43.9394
0.1306 1 3 5.91091
0.1306 1 4 7.89862
0.1322 1 2 43.9358
0.1322 1 3 5.67089
0.1322 1 4 6.97047
0.1338 1 2 44.0201
0.1338 1 3 6.51211
0.1338 1 4 7.59284
0.1354 1 2 44.3191
0.1354 1 3 6.04559
0.1354 1 4 7.88082
0.137 1 2 44.6193
0.137 1 3 6.07059
0.137 1 4 7.49846
0.1386 1 2 44.3097
0.1386 1 3 6.15872
0.1386 1 4 6.85996
0.1402 1 2 44.408
0.1402 1 3 5.1382
0.1402 1 4 6.0174
0.1418 1 2 44.1852
0.1418 1 3 6.60469
0.1418 1 4 6.75299
0.1434 1 2 44.0861
0.1434 1 3 6.82563
0.1434 1 4 6.60582
0.145 1 2 43.8586
0.145 1 3 6.75223
0.145 1 4 6.94782
0.1466 1 2 43.5719
0.1466 1 3 8.16725
0.1466 1 4 6.72445
0.1482 1 2 43.422
0.1482 1 3 7.26403
0.1482 1 4 6.88266
0.1498 1 2 43.5061
0.1498 1 3 7.21048
0.1498 1 4 6.70709
0.1514 1 2 43.4224
0.1514 1 3 7.3577
0.1514 1 4 6.912
0.153 1 2 43.5127
0.153 1 3 6.70809
0.153 1 4 7.09269
0.1546 1 2 43.0413
0.1546 1 3 7.32859
0.1546 1 4 6.67935
0.1562 1 2 42.5506
0.1562 1 3 7.3785
0.1562 1 4 6.12332
0.1578 1 2 42.5764
0.1578 1 3 7.11744
0.1578 1 4 6.36916
0.1594 1 2 42.6518
0.1594 1 3 8.01099
0.1594 1 4 6.72139
0.161 1 2 42.6004
0.161 1 3 7.1537
0.161 1 4 7.13404
0.1626 1 2 42.4372
0.1626 1 3 7.54417
0.1626 1 4 7.23307
0.1642 1 2 42.5126
0.1642 1 3 7.92483
0.1642 1 4 7.35959
0.1658 1 2 42.8639
0.1658 1 3 7.24647
0.1658 1 4 6.88315
0.1674 1 2 42.5825
0.1674 1 3 8.00688
0.1674 1 4 6.86669
0.169 1 2 42.3475
0.169 1 3 8.0736
0.169 1 4 6.97828
0.1706 1 2 42.294
0.1706 1 3 7.57158
0.1706 1 4 7.08341
0.1722 1 2 42.2352
0.1722 1 3 8.56458
0.1722 1 4 6.42538
0.1738 1 2 42.2712
0.1738 1 3 7.58545
0.1738 1 4 6.31221
0.1754 1 2 41.9759
0.1754 1 3 7.18609
0.1754 1 4 5.81649
0.177 1 2 41.9608
0.177 1 3 7.89873
0.177 1 4 6.47962
0.1786 1 2 41.734
0.1786 1 3 7.14504
0.1786 1 4 6.1649
0.1802 1 2 42.0343
0.1802 1 3 7.51467
0.1802 1 4 5.81991
0.1818 1 2 41.908
0.1818 1 3 8.03638
0.1818 1 4 5.34846
0.1834 1 2 41.8288
0.1834 1 3 7.84917
0.1834 1 4 5.29415
0.185 1 2 42.1955
0.185 1 3 8.16237
0.185 1 4 6.36757
0.1866 1 2 42.312
0.1866 1 3 7.6003
0.1866 1 4 6.52448
0.1882 1 2 42.1388
0.1882 1 3 7.42367
0.1882 1 4 6.62969
0.1898 1 2 42.3271
0.1898 1 3 8.27936
0.1898 1 4 6.24385
0.1914 1 2 42.569
0.1914 1 3 7.51022
0.1914 1 4 6.26303
0.193 1 2 42.8427
0.193 1 3 8.46156
0.193 1 4 6.46417
0.1946 1 2 43.0519
0.1946 1 3 8.69825
0.1946 1 4 6.95242
0.1962 1 2 42.9122
0.1962 1 3 7.49184
0.1962 1 4 6.85622
0.1978 1 2 43.0226
0.1978 1 3 8.31653
0.1978 1 4 6.56235
0.1994 1 2 42.8539
0.1994 1 3 6.99172
0.1994 1 4 5.97255
0.201 1 2 42.7142
0.201 1 3 7.22547
0.201 1 4 6.96157
0.2026 1 2 42.9761
0.2026 1 3 7.82904
0.2026 1 4 7.4239
0.2042 1 2 42.9899
0.2042 1 3 7.11925
0.2042 1 4 7.20982
0.2058 1 2 43.4254
0.2058 1 3 7.70922
0.2058 1 4 7.04042
0.2074 1 2 43.3796
0.2074 1 3 7.98478
0.2074 1 4 6.76151
0.209 1 2 43.331
0.209 1 3 7.8202
0.209 1 4 7.37632
0.2106 1 2 43.092
0.2106 1 3 9.03397
0.2106 1 4 7.90518
0.2122 1 2 43.0634
0.2122 1 3 7.95038
0.2122 1 4 7.17163
0.2138 1 2 43.1717
0.2138 1 3 8.34173
0.2138 1 4 7.23855
0.2154 1 2 43.347
0.2154 1 3 9.06015
0.2154 1 4 6.8852
0.217 1 2 43.6369
0.217 1 3 8.02407
0.217 1 4 6.98645
0.2186 1 2 43.7806
0.2186 1 3 8.96417
0.2186 1 4 7.23744
0.2202 1 2 43.6738
0.2202 1 3 9.26209
0.2202 1 4 7.75636
0.2218 1 2 43.6595
0.2218 1 3 9.27266
0.2218 1 4 7.36468
0.2234 1 2 43.6889
0.2234 1 3 9.97164
0.2234 1 4 6.14123
0.225 1 2 44.063
0.225 1 3 9.05114
0.225 1 4 6.57432
0.2266 1 2 44.0402
0.2266 1 3 8.79682
0.2266 1 4 7.41874
0.2282 1 2 43.5097
0.2282 1 3 9.10718
0.2282 1 4 7.40402
0.2298 1 2 43.5692
0.2298 1 3 8.28419
0.2298 1 4 7.59134
0.2314 1 2 43.4617
0.2314 1 3 9.42941
0.2314 1 4 7.32048
0.233 1 2 43.5119
0.233 1 3 9.61312
0.233 1 4 6.91432
0.2346 1 2 43.7629
0.2346 1 3 9.10468
0.2346 1 4 7.16792
0.2362 1 2 43.6966
0.2362 1 3 9.80871
0.2362 1 4 7.8367
0.2378 1 2 43.8851
0.2378 1 3 8.87541
0.2378 1 4 7.53188
0.2394 1 2 43.7282
0.2394 1 3 8.4623
0.2394 1 4 6.89503
0.241 1 2 43.6536
0.241 1 3 9.16725
0.241 1 4 6.84408
0.2426 1 2 43.489
0.2426 1 3 8.52642
0.2426 1 4 6.69383
0.2442 1 2 43.5179
0.2442 1 3 9.94439
0.2442 1 4 7.13404
0.2458 1 2 43.5198
0.2458 1 3 9.41717
0.2458 1 4 7.01034
0.2474 1 2 43.3328
0.2474 1 3 8.66493
0.2474 1 4 7.23964
0.249 1 2 43.0983
0.249 1 3 9.20108
0.249 1 4 7.6839
0.2506 1 2 43.1234
0.2506 1 3 8.93448
0.2506 1 4 7.27301
0.2522 1 2 43.3308
0.2522 1 3 9.01082
0.2522 1 4 7.474
0.2538 1 2 43.3555
0.2538 1 3 9.60391
0.2538 1 4 8.32036
