0.006 1 1 0
0.012 1 1 4
0.016 1 1 0
0.022 1 1 0
0.026 1 1 0
0.0287144 1 3 0
0.0296 1 1 0
0.0308083 1 1 0
0.032 1 1 10
0.032 1 3 0
0.036 1 1 0
0.0387144 1 3 0
0.0396 1 1 0
0.0408083 1 1 0
0.042 1 1 0
0.042 1 3 0
0.0439286 1 3 0
0.046 1 1 0
0.048 1 3 0
0.0487144 1 3 0
0.0496 1 1 0
0.0508083 1 1 0
0.052 1 1 0
0.052 1 3 0
0.0539286 1 3 0
0.056 1 1 0
0.058 1 3 0
0.0587144 1 3 0
0.0596 1 1 0
0.0608083 1 1 0
0.062 1 1 0
0.062 1 3 0
0.0639286 1 3 0
0.066 1 1 0
0.068 1 3 0
0.0687144 1 3 0
0.0696 1 1 0
0.0708083 1 1 0
0.072 1 1 0
0.072 1 3 0
0.0739286 1 3 0
0.076 1 1 0
0.078 1 3 0
0.0787144 1 3 0
0.0796 1 1 0
0.0808083 1 1 0
0.082 1 1 0
0.082 1 3 0
0.0839286 1 3 0
0.086 1 1 0
0.088 1 3 0
0.0887144 1 3 0
0.0896 1 1 0
0.0908083 1 1 0
0.092 1 1 0
0.092 1 3 0
0.0939286 1 3 0
0.096 1 1 0
0.098 1 3 0
0.0987144 1 3 0
0.0996 1 1 0
0.100808 1 1 0
0.102 1 1 0
0.102 1 3 0
0.103929 1 3 0
0.106 1 1 0
0.108 1 3 0
0.108714 1 3 0
0.1096 1 1 0
0.110808 1 1 0
0.112 1 1 0
0.112 1 3 0
0.113929 1 3 0
0.116 1 1 0
0.118 1 3 216
0.118714 1 3 0
0.1196 1 1 0
0.120808 1 1 0
0.122 1 1 0
0.122 1 3 0
0.123929 1 3 0
0.126 1 1 0
0.128 1 3 0
0.128714 1 3 0
0.1296 1 1 0
0.130808 1 1 0
0.132 1 1 0
0.132 1 3 0
0.133929 1 3 0
0.136 1 1 0
0.138 1 3 0
0.138714 1 3 0
0.1396 1 1 0
0.140808 1 1 0
0.142 1 1 0
0.142 1 3 0
0.143929 1 3 100
0.146 1 1 0
0.148 1 3 54
0.148714 1 3 0
0.1496 1 1 0
0.150808 1 1 0
0.152 1 1 0
0.152 1 3 0
0.153929 1 3 261385
0.156 1 1 0
0.158 1 3 2167
0.158714 1 3 0
0.1596 1 1 0
0.160808 1 1 0
0.162 1 1 0
0.162 1 3 0
0.163929 1 3 559252
0.166 1 1 0
0.168 1 3 1350
0.168714 1 3 0
0.1696 1 1 0
0.170808 1 1 0
0.172 1 1 0
0.172 1 3 0
0.173929 1 3 955501
0.176 1 1 0
0.178 1 3 2106
0.178714 1 3 0
0.1796 1 1 0
0.180808 1 1 0
0.182 1 1 0
0.182 1 3 0
0.183929 1 3 974639
0.186 1 1 0
0.188 1 3 2106
0.188714 1 3 0
0.1896 1 1 0
0.190808 1 1 0
0.192 1 1 0
0.192 1 3 0
0.193929 1 3 973418
0.196 1 1 0
0.198 1 3 2106
0.198714 1 3 0
0.1996 1 1 0
0.200808 1 1 0
0.202 1 1 0
0.202 1 3 0
0.203929 1 3 973655
0.206 1 1 0
0.208 1 3 2106
0.208714 1 3 0
0.2096 1 1 0
0.210808 1 1 0
0.212 1 1 0
0.212 1 3 0
0.213929 1 3 973886
0.216 1 1 0
0.218 1 3 2106
0.218714 1 3 0
0.2196 1 1 0
0.220808 1 1 0
0.222 1 1 0
0.222 1 3 0
0.223929 1 3 975578
0.226 1 1 0
0.228 1 3 2106
0.228714 1 3 0
0.2296 1 1 0
0.230808 1 1 0
0.232 1 1 0
0.232 1 3 0
0.233929 1 3 974355
0.236 1 1 0
0.238 1 3 2106
0.238714 1 3 0
0.2396 1 1 0
0.240808 1 1 0
0.242 1 1 0
0.242 1 3 0
0.243929 1 3 974592
0.246 1 1 0
0.248 1 3 2106
0.248714 1 3 0
0.2496 1 1 0
0.250808 1 1 0
0.252 1 1 0
0.252 1 3 0
0.253929 1 3 973371
