0.006 1 1 0
0.012 1 1 4
0.016 1 1 0
0.022 1 1 0
0.026 1 1 0
0.0287144 1 3 0
0.0296 1 1 0
0.0308083 1 1 0
0.032 1 1 10
0.032 1 3 0
0.036 1 1 0
0.0387144 1 3 0
0.0396 1 1 0
0.0408083 1 1 0
0.042 1 1 0
0.042 1 3 0
0.0439286 1 3 0
0.046 1 1 0
0.048 1 3 0
0.0487144 1 3 0
0.0496 1 1 0
0.0508083 1 1 0
0.052 1 1 0
0.052 1 3 0
0.0539286 1 3 0
0.056 1 1 0
0.058 1 3 0
0.0587144 1 3 0
0.0596 1 1 0
0.0608083 1 1 0
0.062 1 1 0
0.062 1 3 0
0.0639286 1 3 0
0.066 1 1 0
0.068 1 3 0
0.0687144 1 3 0
0.0696 1 1 0
0.0708083 1 1 0
0.072 1 1 0
0.072 1 3 0
0.0739286 1 3 0
0.076 1 1 0
0.078 1 3 0
0.0787144 1 3 0
0.0796 1 1 0
0.0808083 1 1 0
0.082 1 1 0
0.082 1 3 0
0.0839286 1 3 0
0.086 1 1 0
0.088 1 3 0
0.0887144 1 3 0
0.0896 1 1 0
0.0908083 1 1 0
0.092 1 1 0
0.092 1 3 0
0.0939286 1 3 0
0.096 1 1 0
0.098 1 3 0
0.0987144 1 3 0
0.0996 1 1 0
0.100808 1 1 0
0.102 1 1 0
0.102 1 3 0
0.103929 1 3 0
0.106 1 1 0
0.108 1 3 0
0.108714 1 3 0
0.1096 1 1 0
0.110808 1 1 0
0.112 1 1 0
0.112 1 3 0
0.113929 1 3 0
0.116 1 1 0
0.118 1 3 0
0.118714 1 3 0
0.1196 1 1 0
0.120808 1 1 0
0.122 1 1 0
0.122 1 3 0
0.123929 1 3 0
0.126 1 1 0
0.128 1 3 0
0.128714 1 3 0
0.1296 1 1 0
0.130808 1 1 0
0.132 1 1 0
0.132 1 3 0
0.133929 1 3 0
0.136 1 1 0
0.138 1 3 0
0.138714 1 3 0
0.1396 1 1 0
0.140808 1 1 0
0.142 1 1 0
0.142 1 3 0
0.143929 1 3 0
0.146 1 1 0
0.148 1 3 0
0.148714 1 3 0
0.1496 1 1 0
0.150808 1 1 0
0.152 1 1 0
0.152 1 3 0
0.153929 1 3 0
0.156 1 1 0
0.158 1 3 0
0.158714 1 3 0
0.1596 1 1 0
0.160808 1 1 0
0.162 1 1 0
0.162 1 3 0
0.163929 1 3 0
0.166 1 1 0
0.168 1 3 0
0.168714 1 3 0
0.1696 1 1 0
0.170808 1 1 0
0.172 1 1 0
0.172 1 3 0
0.173929 1 3 0
0.176 1 1 0
0.178 1 3 0
0.178714 1 3 0
0.1796 1 1 0
0.180808 1 1 0
0.182 1 1 0
0.182 1 3 0
0.183929 1 3 0
0.186 1 1 0
0.188 1 3 0
0.188714 1 3 0
0.1896 1 1 0
0.190808 1 1 0
0.192 1 1 0
0.192 1 3 0
0.193929 1 3 0
0.196 1 1 0
0.198 1 3 0
0.198714 1 3 0
0.1996 1 1 0
0.200808 1 1 0
0.202 1 1 0
0.202 1 3 0
0.203929 1 3 0
0.206 1 1 0
0.208 1 3 0
0.208714 1 3 0
0.2096 1 1 0
0.210808 1 1 0
0.212 1 1 0
0.212 1 3 0
0.213929 1 3 0
0.216 1 1 0
0.218 1 3 0
0.218714 1 3 0
0.2196 1 1 0
0.220808 1 1 0
0.222 1 1 0
0.222 1 3 0
0.223929 1 3 0
0.226 1 1 0
0.228 1 3 0
0.228714 1 3 0
0.2296 1 1 0
0.230808 1 1 0
0.232 1 1 0
0.232 1 3 0
0.233929 1 3 0
0.236 1 1 0
0.238 1 3 0
0.238714 1 3 0
0.2396 1 1 0
0.240808 1 1 0
0.242 1 1 0
0.242 1 3 0
0.243929 1 3 0
0.246 1 1 0
0.248 1 3 0
0.248714 1 3 0
0.2496 1 1 0
0.250808 1 1 0
0.252 1 1 0
0.252 1 3 0
0.253929 1 3 0
0.256 1 1 0
0.258 1 3 0
0.258714 1 3 0
0.2596 1 1 0
0.260808 1 1 0
0.262 1 1 0
0.262 1 3 0
0.263929 1 3 0
0.266 1 1 0
0.268 1 3 0
0.268714 1 3 0
0.2696 1 1 0
0.270808 1 1 0
0.272 1 1 0
0.272 1 3 0
0.273929 1 3 0
0.276 1 1 0
0.278 1 3 0
0.278714 1 3 0
0.2796 1 1 0
0.280808 1 1 0
0.282 1 1 0
0.282 1 3 0
0.283929 1 3 0
0.286 1 1 0
0.288 1 3 0
0.288714 1 3 0
0.2896 1 1 0
0.290808 1 1 0
0.292 1 1 0
0.292 1 3 0
0.293929 1 3 0
0.296 1 1 0
0.298 1 3 0
0.298714 1 3 0
0.2996 1 1 0
0.300808 1 1 0
0.302 1 1 0
0.302 1 3 0
0.303929 1 3 0
0.306 1 1 0
0.308 1 3 0
0.308714 1 3 0
0.3096 1 1 0
0.310808 1 1 0
0.312 1 1 0
0.312 1 3 0
0.313929 1 3 0
0.316 1 1 0
0.318 1 3 0
0.318714 1 3 0
0.3196 1 1 0
0.320808 1 1 0
0.322 1 1 0
0.322 1 3 0
0.323929 1 3 0
0.326 1 1 0
0.328 1 3 0
0.328714 1 3 0
0.3296 1 1 0
0.330808 1 1 0
0.332 1 1 0
0.332 1 3 0
0.333929 1 3 0
0.336 1 1 0
0.338 1 3 0
0.338714 1 3 0
0.3396 1 1 0
0.340808 1 1 0
0.342 1 1 0
0.342 1 3 0
0.343929 1 3 0
0.346 1 1 0
0.348 1 3 0
0.348714 1 3 0
0.3496 1 1 0
0.350808 1 1 0
0.352 1 1 0
0.352 1 3 0
0.353929 1 3 0
0.356 1 1 0
0.358 1 3 0
0.358714 1 3 0
0.3596 1 1 0
0.360808 1 1 0
0.362 1 1 0
0.362 1 3 0
0.363929 1 3 0
0.366 1 1 0
0.368 1 3 0
0.368714 1 3 0
0.3696 1 1 0
0.370808 1 1 0
0.372 1 1 0
0.372 1 3 0
0.373929 1 3 0
0.376 1 1 0
0.378 1 3 0
0.378714 1 3 0
0.3796 1 1 0
0.380808 1 1 0
0.382 1 1 0
0.382 1 3 0
0.383929 1 3 0
0.386 1 1 0
0.388 1 3 0
0.388714 1 3 0
0.3896 1 1 0
0.390808 1 1 0
0.392 1 1 0
0.392 1 3 0
0.393929 1 3 0
0.396 1 1 0
0.398 1 3 0
0.398714 1 3 0
0.3996 1 1 0
0.400808 1 1 0
0.402 1 1 0
0.402 1 3 0
0.403929 1 3 0
0.406 1 1 0
0.408 1 3 0
0.408714 1 3 0
0.4096 1 1 0
0.410808 1 1 0
0.412 1 1 0
0.412 1 3 0
0.413929 1 3 0
0.416 1 1 0
0.418 1 3 0
0.418714 1 3 0
0.4196 1 1 0
0.420808 1 1 0
0.422 1 1 0
0.422 1 3 0
0.423929 1 3 0
0.426 1 1 0
0.428 1 3 0
0.428714 1 3 0
0.4296 1 1 0
0.430808 1 1 0
0.432 1 1 0
0.432 1 3 0
0.433929 1 3 0
0.436 1 1 0
0.438 1 3 0
0.438714 1 3 0
0.4396 1 1 0
0.440808 1 1 0
0.442 1 1 0
0.442 1 3 0
0.443929 1 3 0
0.446 1 1 0
0.448 1 3 0
0.448714 1 3 0
0.4496 1 1 0
0.450808 1 1 0
0.452 1 1 0
0.452 1 3 0
0.453929 1 3 0
0.456 1 1 0
0.458 1 3 0
0.458714 1 3 0
0.4596 1 1 0
0.460808 1 1 0
0.462 1 1 0
0.462 1 3 0
0.463929 1 3 0
0.466 1 1 0
0.468 1 3 0
0.468714 1 3 0
0.4696 1 1 0
0.470808 1 1 0
0.472 1 1 0
0.472 1 3 0
0.473929 1 3 0
0.476 1 1 0
0.478 1 3 0
0.478714 1 3 0
0.4796 1 1 0
0.480808 1 1 0
0.482 1 1 0
0.482 1 3 0
0.483929 1 3 0
0.486 1 1 0
0.488 1 3 0
0.488714 1 3 0
0.4896 1 1 0
0.490808 1 1 0
0.492 1 1 0
0.492 1 3 0
0.493929 1 3 0
0.496 1 1 0
0.498 1 3 0
0.498714 1 3 0
0.4996 1 1 0
0.500808 1 1 0
0.502 1 1 0
0.502 1 3 0
0.503929 1 3 0
0.506 1 1 0
0.508 1 3 0
0.508714 1 3 0
0.5096 1 1 0
0.510808 1 1 0
0.512 1 1 0
0.512 1 3 0
0.513929 1 3 0
0.516 1 1 0
0.518 1 3 0
0.518714 1 3 0
0.5196 1 1 0
0.520808 1 1 0
0.522 1 1 0
0.522 1 3 0
0.523929 1 3 0
0.526 1 1 0
0.528 1 3 0
0.528714 1 3 0
0.5296 1 1 0
0.530808 1 1 0
0.532 1 1 0
0.532 1 3 0
0.533929 1 3 0
0.536 1 1 0
0.538 1 3 0
0.538714 1 3 0
0.5396 1 1 0
0.540808 1 1 0
0.542 1 1 0
0.542 1 3 0
0.543929 1 3 0
0.546 1 1 0
0.548 1 3 0
0.548714 1 3 0
0.5496 1 1 0
0.550808 1 1 0
0.552 1 1 0
0.552 1 3 0
0.553929 1 3 0
0.556 1 1 0
0.558 1 3 0
0.558714 1 3 0
0.5596 1 1 0
0.560808 1 1 0
0.562 1 1 0
0.562 1 3 0
0.563929 1 3 0
0.566 1 1 0
0.568 1 3 0
0.568714 1 3 0
0.5696 1 1 0
0.570808 1 1 0
0.572 1 1 0
0.572 1 3 0
0.573929 1 3 0
0.576 1 1 0
0.578 1 3 0
0.578714 1 3 0
0.5796 1 1 0
0.580808 1 1 0
0.582 1 1 0
0.582 1 3 0
0.583929 1 3 0
0.586 1 1 0
0.588 1 3 216
0.588714 1 3 0
0.5896 1 1 0
0.590808 1 1 0
0.592 1 1 0
0.592 1 3 0
0.593929 1 3 0
0.596 1 1 0
0.598 1 3 0
0.598714 1 3 0
0.5996 1 1 0
0.600808 1 1 0
0.602 1 1 0
0.602 1 3 0
0.603929 1 3 0
0.606 1 1 0
0.608 1 3 0
0.608714 1 3 0
0.6096 1 1 0
0.610808 1 1 0
0.612 1 1 0
0.612 1 3 0
0.613929 1 3 0
0.616 1 1 0
0.618 1 3 0
0.618714 1 3 0
0.6196 1 1 0
0.620808 1 1 0
0.622 1 1 0
0.622 1 3 0
0.623929 1 3 0
0.626 1 1 0
0.628 1 3 0
0.628714 1 3 0
0.6296 1 1 0
0.630808 1 1 0
0.632 1 1 0
0.632 1 3 0
0.633929 1 3 0
0.636 1 1 0
0.638 1 3 0
0.638714 1 3 0
0.6396 1 1 0
0.640808 1 1 0
0.642 1 1 0
0.642 1 3 0
0.643929 1 3 0
0.646 1 1 0
0.648 1 3 0
0.648714 1 3 0
0.6496 1 1 0
0.650808 1 1 0
0.652 1 1 0
0.652 1 3 0
0.653929 1 3 0
0.656 1 1 0
0.658 1 3 0
0.658714 1 3 0
0.6596 1 1 0
0.660808 1 1 0
0.662 1 1 0
0.662 1 3 0
0.663929 1 3 0
0.666 1 1 0
0.668 1 3 0
0.668714 1 3 0
0.6696 1 1 0
0.670808 1 1 0
0.672 1 1 0
0.672 1 3 0
0.673929 1 3 0
0.676 1 1 0
0.678 1 3 0
0.678714 1 3 0
0.6796 1 1 0
0.680808 1 1 0
0.682 1 1 0
0.682 1 3 0
0.683929 1 3 0
0.686 1 1 0
0.688 1 3 0
0.688714 1 3 0
0.6896 1 1 0
0.690808 1 1 0
0.692 1 1 0
0.692 1 3 0
0.693929 1 3 0
0.696 1 1 0
0.698 1 3 0
0.698714 1 3 0
0.6996 1 1 0
0.700808 1 1 0
0.702 1 1 0
0.702 1 3 0
0.703929 1 3 0
0.706 1 1 0
0.708 1 3 0
0.708714 1 3 0
0.7096 1 1 0
0.710808 1 1 0
0.712 1 1 0
0.712 1 3 0
0.713929 1 3 102
0.716 1 1 0
0.718 1 3 0
0.718714 1 3 0
0.7196 1 1 0
0.720808 1 1 0
0.722 1 1 0
0.722 1 3 0
0.723929 1 3 0
0.726 1 1 0
0.728 1 3 1608
0.728714 1 3 0
0.7296 1 1 0
0.730808 1 1 0
0.732 1 1 0
0.732 1 3 0
0.733929 1 3 0
0.736 1 1 0
0.738 1 3 6432
0.738714 1 3 0
0.7396 1 1 0
0.740808 1 1 0
0.742 1 1 0
0.742 1 3 0
0.743929 1 3 0
0.746 1 1 0
0.748 1 3 1608
0.748714 1 3 0
0.7496 1 1 0
0.750808 1 1 0
0.752 1 1 0
0.752 1 3 0
0.753929 1 3 0
0.756 1 1 0
0.758 1 3 16080
0.758714 1 3 0
0.7596 1 1 0
0.760808 1 1 0
0.762 1 1 0
0.762 1 3 0
0.763929 1 3 255469
0.766 1 1 0
0.768 1 3 0
0.768714 1 3 0
0.7696 1 1 0
0.770808 1 1 0
0.772 1 1 0
0.772 1 3 0
0.773929 1 3 0
0.776 1 1 0
0.778 1 3 0
0.778714 1 3 0
0.7796 1 1 0
0.780808 1 1 0
0.782 1 1 0
0.782 1 3 0
0.783929 1 3 22
0.786 1 1 0
0.788 1 3 3216
0.788714 1 3 0
0.7896 1 1 0
0.790808 1 1 0
0.792 1 1 0
0.792 1 3 0
0.793929 1 3 34
0.796 1 1 0
0.798 1 3 1608
0.798714 1 3 0
0.7996 1 1 0
0.800808 1 1 0
0.802 1 1 0
0.802 1 3 0
0.803929 1 3 0
0.806 1 1 0
0.808 1 3 14472
0.808714 1 3 0
0.8096 1 1 0
0.810808 1 1 0
0.812 1 1 0
0.812 1 3 0
0.813929 1 3 223503
0.816 1 1 0
0.818 1 3 3012
0.818714 1 3 0
0.8196 1 1 0
0.820808 1 1 0
0.822 1 1 0
0.822 1 3 0
0.823929 1 3 0
0.826 1 1 0
0.828 1 3 0
0.828714 1 3 0
0.8296 1 1 0
0.830808 1 1 0
0.832 1 1 0
0.832 1 3 0
0.833929 1 3 0
0.836 1 1 0
0.838 1 3 0
0.838714 1 3 0
0.8396 1 1 0
0.840808 1 1 0
0.842 1 1 0
0.842 1 3 0
0.843929 1 3 1009256
0.846 1 1 0
0.848 1 3 2492
0.848714 1 3 0
0.8496 1 1 0
0.850808 1 1 0
0.852 1 1 0
0.852 1 3 0
0.853929 1 3 0
0.856 1 1 0
0.858 1 3 9648
0.858714 1 3 0
0.8596 1 1 0
0.860808 1 1 0
0.862 1 1 0
0.862 1 3 0
0.863929 1 3 0
0.866 1 1 0
0.868 1 3 1950
0.868714 1 3 0
0.8696 1 1 0
0.870808 1 1 0
0.872 1 1 0
0.872 1 3 0
0.873929 1 3 541656
0.876 1 1 0
0.878 1 3 1608
0.878714 1 3 0
0.8796 1 1 0
0.880808 1 1 0
0.882 1 1 0
0.882 1 3 0
0.883929 1 3 0
0.886 1 1 0
0.888 1 3 0
0.888714 1 3 0
0.8896 1 1 0
0.890808 1 1 0
0.892 1 1 0
0.892 1 3 0
0.893929 1 3 58332
0.896 1 1 0
0.898 1 3 2106
0.898714 1 3 0
0.8996 1 1 0
0.900808 1 1 0
0.902 1 1 0
0.902 1 3 0
0.903929 1 3 0
0.906 1 1 0
0.908 1 3 4824
0.908714 1 3 0
0.9096 1 1 0
0.910808 1 1 0
0.912 1 1 0
0.912 1 3 0
0.913929 1 3 0
0.916 1 1 0
0.918 1 3 3500
0.918714 1 3 0
0.9196 1 1 0
0.920808 1 1 0
0.922 1 1 0
0.922 1 3 0
0.923929 1 3 51754
0.926 1 1 0
0.928 1 3 0
0.928714 1 3 0
0.9296 1 1 0
0.930808 1 1 0
0.932 1 1 0
0.932 1 3 0
0.933929 1 3 0
0.936 1 1 0
0.938 1 3 1608
0.938714 1 3 0
0.9396 1 1 0
0.940808 1 1 0
0.942 1 1 0
0.942 1 3 0
0.943929 1 3 39302
0.946 1 1 0
0.948 1 3 3500
0.948714 1 3 0
0.9496 1 1 0
0.950808 1 1 0
0.952 1 1 0
0.952 1 3 0
0.953929 1 3 19
0.956 1 1 0
0.958 1 3 3216
0.958714 1 3 0
0.9596 1 1 0
0.960808 1 1 0
0.962 1 1 0
0.962 1 3 0
0.963929 1 3 0
0.966 1 1 0
0.968 1 3 2728
0.968714 1 3 0
0.9696 1 1 0
0.970808 1 1 0
0.972 1 1 0
0.972 1 3 0
0.973929 1 3 68399
0.976 1 1 0
0.978 1 3 0
0.978714 1 3 0
0.9796 1 1 0
0.980808 1 1 0
0.982 1 1 0
0.982 1 3 0
0.983929 1 3 0
0.986 1 1 0
0.988 1 3 0
0.988714 1 3 0
0.9896 1 1 0
0.990808 1 1 0
0.992 1 1 0
0.992 1 3 0
0.993929 1 3 85136
0.996 1 1 0
0.998 1 3 3288
0.998714 1 3 0
0.9996 1 1 0
1.00081 1 1 0
1.002 1 1 0
1.002 1 3 0
1.00393 1 3 17
1.006 1 1 0
1.008 1 3 0
1.00871 1 3 0
1.0096 1 1 0
1.01081 1 1 0
1.012 1 1 0
1.012 1 3 0
1.01393 1 3 0
1.016 1 1 0
1.018 1 3 1984
1.01871 1 3 0
1.0196 1 1 0
1.02081 1 1 0
1.022 1 1 0
1.022 1 3 0
1.02393 1 3 110417
1.026 1 1 0
1.028 1 3 1608
1.02871 1 3 0
1.0296 1 1 0
1.03081 1 1 0
1.032 1 1 0
1.032 1 3 0
1.03393 1 3 0
1.036 1 1 0
1.038 1 3 0
1.03871 1 3 0
1.0396 1 1 0
1.04081 1 1 0
1.042 1 1 0
1.042 1 3 0
1.04393 1 3 79124
1.046 1 1 0
1.048 1 3 1608
1.04871 1 3 0
1.0496 1 1 0
1.05081 1 1 0
1.052 1 1 0
1.052 1 3 0
1.05393 1 3 0
1.056 1 1 0
