0.105113	0	0.005
0.128608	0.005	0.005375
0.130608	0.005375	0.00532812
0.130608	0.00532812	0.00528711
0.130609	0.00528711	0.00525122
0.130609	0.00525122	0.00521982
0.130609	0.00521982	0.00519234
0.130609	0.00519234	0.0051683
0.130609	0.0051683	0.00514726
0.130609	0.00514726	0.00512885
0.130609	0.00512885	0.00511274
0.130609	0.00511274	0.00509865
0.130609	0.00509865	0.00508632
0.130609	0.00508632	0.00507553
0.130609	0.00507553	0.00506609
0.133708	0.00506609	0.00543283
0.133708	0.00543283	0.00537872
0.133709	0.00537872	0.00533138
0.135708	0.00533138	0.00528996
0.135708	0.00528996	0.00525371
0.135709	0.00525371	0.005222
0.135709	0.005222	0.00519425
0.135709	0.00519425	0.00516997
0.135709	0.00516997	0.00514872
0.135709	0.00514872	0.00513013
0.135709	0.00513013	0.00511386
0.135709	0.00511386	0.00509963
0.135709	0.00509963	0.00508718
0.135709	0.00508718	0.00507628
0.135709	0.00507628	0.00506674
0.135709	0.00506674	0.0050584
0.135709	0.0050584	0.0050511
0.135709	0.0050511	0.00504471
0.13571	0.00504471	0.00503912
0.13571	0.00503912	0.00503423
0.13571	0.00503423	0.00502995
0.13571	0.00502995	0.00502621
0.13571	0.00502621	0.00502293
0.13571	0.00502293	0.00502006
0.13571	0.00502006	0.00501756
0.13571	0.00501756	0.00501536
0.13571	0.00501536	0.00501344
0.13571	0.00501344	0.00501176
0.138808	0.00501176	0.00538529
0.138808	0.00538529	0.00533713
0.138809	0.00533713	0.00529499
0.138809	0.00529499	0.00525811
0.138809	0.00525811	0.00522585
0.138809	0.00522585	0.00519762
0.138809	0.00519762	0.00517291
0.140808	0.00517291	0.0051513
0.140808	0.0051513	0.00513239
0.140809	0.00513239	0.00511584
0.140809	0.00511584	0.00510136
0.140809	0.00510136	0.00508869
0.140809	0.00508869	0.0050776
0.140809	0.0050776	0.0050679
0.140809	0.0050679	0.00505941
0.140809	0.00505941	0.00505199
0.140809	0.00505199	0.00504549
0.140809	0.00504549	0.0050398
0.140809	0.0050398	0.00503482
0.140809	0.00503482	0.00503047
0.140809	0.00503047	0.00502666
0.140809	0.00502666	0.00502333
0.14081	0.00502333	0.00502041
0.14081	0.00502041	0.00501786
0.14081	0.00501786	0.00501563
0.14081	0.00501563	0.00501367
0.14081	0.00501367	0.00501196
0.14081	0.00501196	0.00501047
0.14081	0.00501047	0.00500916
0.14081	0.00500916	0.00500801
0.14081	0.00500801	0.00500701
0.14081	0.00500701	0.00500613
0.14081	0.00500613	0.00500537
0.14081	0.00500537	0.0050047
0.14081	0.0050047	0.00500411
0.14081	0.00500411	0.00500359
0.140811	0.00500359	0.00500314
0.140811	0.00500314	0.00500275
0.140913	0.00500275	0.00500241
0.140913	0.00500241	0.00500211
0.140913	0.00500211	0.00500184
0.140913	0.00500184	0.00500161
0.140913	0.00500161	0.00500141
0.140913	0.00500141	0.00500123
0.140913	0.00500123	0.00500108
0.140913	0.00500108	0.00500094
0.140913	0.00500094	0.00500083
0.140913	0.00500083	0.00500072
0.140913	0.00500072	0.00500063
0.140913	0.00500063	0.00500055
0.140913	0.00500055	0.00500048
0.140914	0.00500048	0.00500042
0.140914	0.00500042	0.00500037
0.140914	0.00500037	0.00500032
0.140914	0.00500032	0.00500028
0.140914	0.00500028	0.00500025
0.143208	0.00500025	0.00537521
0.143908	0.00537521	0.00532831
0.143908	0.00532831	0.00528727
0.143909	0.00528727	0.00525136
0.143909	0.00525136	0.00521994
0.143909	0.00521994	0.00519245
0.143909	0.00519245	0.00516839
0.143909	0.00516839	0.00514734
0.143909	0.00514734	0.00512893
0.143909	0.00512893	0.00511281
0.143909	0.00511281	0.00509871
0.143909	0.00509871	0.00508637
0.143909	0.00508637	0.00507557
0.143909	0.00507557	0.00506613
0.145908	0.00506613	0.00530786
0.145908	0.00530786	0.00526938
0.145909	0.00526938	0.0052357
0.145909	0.0052357	0.00520624
0.145909	0.00520624	0.00518046
0.145909	0.00518046	0.0051579
0.145909	0.0051579	0.00513816
0.145909	0.00513816	0.00512089
0.145909	0.00512089	0.00510578
0.145909	0.00510578	0.00509256
0.145909	0.00509256	0.00508099
0.145909	0.00508099	0.00507086
0.145909	0.00507086	0.00506201
0.145909	0.00506201	0.00505425
0.145909	0.00505425	0.00504747
0.14591	0.00504747	0.00504154
0.14591	0.00504154	0.00503635
0.14591	0.00503635	0.0050318
0.14591	0.0050318	0.00502782
0.14591	0.00502782	0.00502435
0.14591	0.00502435	0.0050213
0.14591	0.0050213	0.00501864
0.14591	0.00501864	0.00501631
0.14591	0.00501631	0.00501427
0.14591	0.00501427	0.00501249
0.14591	0.00501249	0.00501093
0.14591	0.00501093	0.00500956
0.14591	0.00500956	0.00500836
0.14591	0.00500836	0.00500732
0.145911	0.00500732	0.0050064
0.145911	0.0050064	0.0050056
0.146117	0.0050056	0.0051299
0.146117	0.0051299	0.00523866
0.146117	0.00523866	0.00533383
0.146117	0.00533383	0.0054171
0.146117	0.0054171	0.00548996
0.146117	0.00548996	0.00555372
0.146117	0.00555372	0.0056095
0.146117	0.0056095	0.00565831
0.146117	0.00565831	0.00570102
0.146117	0.00570102	0.0057384
0.146117	0.0057384	0.0057711
0.146118	0.0057711	0.00579971
0.146118	0.00579971	0.00582475
0.146118	0.00582475	0.00584665
0.146118	0.00584665	0.00586582
0.146118	0.00586582	0.00588259
0.146118	0.00588259	0.00589727
0.146118	0.00589727	0.00591011
0.146118	0.00591011	0.00592134
0.146118	0.00592134	0.00593118
0.146118	0.00593118	0.00593978
0.146118	0.00593978	0.00594731
0.146118	0.00594731	0.00595389
0.146118	0.00595389	0.00595966
0.146119	0.00595966	0.0059647
0.146119	0.0059647	0.00596911
0.146119	0.00596911	0.00597297
0.146119	0.00597297	0.00597635
0.146119	0.00597635	0.0059793
0.146119	0.0059793	0.00598189
0.146119	0.00598189	0.00598415
0.146119	0.00598415	0.00598613
0.146119	0.00598613	0.00598787
0.146119	0.00598787	0.00598938
0.146119	0.00598938	0.00599071
0.146119	0.00599071	0.00599187
0.146119	0.00599187	0.00599289
0.146119	0.00599289	0.00599378
0.14612	0.00599378	0.00599455
0.14612	0.00599455	0.00599523
0.14612	0.00599523	0.00599583
0.14612	0.00599583	0.00599635
0.14612	0.00599635	0.00599681
0.14612	0.00599681	0.00599721
0.14612	0.00599721	0.00599755
0.14612	0.00599755	0.00599786
0.14612	0.00599786	0.00599813
0.14612	0.00599813	0.00599836
0.14612	0.00599836	0.00599856
0.14612	0.00599856	0.00599874
0.14612	0.00599874	0.0059989
0.146121	0.0059989	0.00599904
0.146121	0.00599904	0.00599916
0.146121	0.00599916	0.00599926
0.146121	0.00599926	0.00599935
0.146121	0.00599935	0.00599944
0.146121	0.00599944	0.0059995
0.146121	0.0059995	0.00599957
0.146121	0.00599957	0.00599962
0.146121	0.00599962	0.00599967
0.146121	0.00599967	0.00599971
0.146121	0.00599971	0.00599974
0.146121	0.00599974	0.00599978
0.146121	0.00599978	0.0059998
0.146122	0.0059998	0.00599983
0.146122	0.00599983	0.00599985
0.146122	0.00599985	0.00599987
0.148308	0.00599987	0.00624988
0.148308	0.00624988	0.00609365
0.148309	0.00609365	0.00595694
0.149008	0.00595694	0.00596232
0.149008	0.00596232	0.00596703
0.149009	0.00596703	0.00597115
0.149009	0.00597115	0.00597476
0.149009	0.00597476	0.00597791
0.149009	0.00597791	0.00598067
0.149009	0.00598067	0.00598309
0.149009	0.00598309	0.0059852
0.149009	0.0059852	0.00598705
0.149009	0.00598705	0.00598867
0.149009	0.00598867	0.00599009
0.149009	0.00599009	0.00599132
0.149009	0.00599132	0.00599241
0.149009	0.00599241	0.00599336
0.149009	0.00599336	0.00599419
0.14901	0.00599419	0.00599491
0.14901	0.00599491	0.00599555
0.14901	0.00599555	0.0059961
0.14901	0.0059961	0.00599659
0.14901	0.00599659	0.00599702
0.14901	0.00599702	0.00599739
0.14901	0.00599739	0.00599771
0.14901	0.00599771	0.005998
0.14901	0.005998	0.00599825
0.14901	0.00599825	0.00599847
0.151096	0.00599847	0.00624866
0.151096	0.00624866	0.00621758
0.151096	0.00621758	0.00619038
0.151096	0.00619038	0.00616658
0.151096	0.00616658	0.00614576
0.151096	0.00614576	0.00612754
0.151096	0.00612754	0.0061116
0.151096	0.0061116	0.00609764
0.151096	0.00609764	0.00608544
0.151096	0.00608544	0.00607476
0.151097	0.00607476	0.00606541
0.151097	0.00606541	0.00605724
0.151097	0.00605724	0.00605008
0.151097	0.00605008	0.00604382
0.151097	0.00604382	0.00603834
0.151097	0.00603834	0.00603355
0.151097	0.00603355	0.00602936
0.151097	0.00602936	0.00602569
0.151097	0.00602569	0.00602248
0.151097	0.00602248	0.00601967
0.151097	0.00601967	0.00601721
0.151097	0.00601721	0.00601506
0.151097	0.00601506	0.00601317
0.151097	0.00601317	0.00601153
0.151098	0.00601153	0.00601009
0.151098	0.00601009	0.00600882
0.151098	0.00600882	0.00600772
0.151098	0.00600772	0.00600675
0.151098	0.00600675	0.00600591
0.151098	0.00600591	0.00600517
0.151098	0.00600517	0.00600452
0.151146	0.00600452	0.00600396
0.151146	0.00600396	0.00600346
0.151146	0.00600346	0.00600303
0.151146	0.00600303	0.00600265
0.151146	0.00600265	0.00600232
0.151146	0.00600232	0.00600203
0.151146	0.00600203	0.00600177
0.151146	0.00600177	0.00600155
0.151146	0.00600155	0.00600136
0.151147	0.00600136	0.00600119
0.151147	0.00600119	0.00600104
0.151147	0.00600104	0.00600091
0.151147	0.00600091	0.00600079
0.151147	0.00600079	0.0060007
0.151147	0.0060007	0.00600061
0.151147	0.00600061	0.00600053
0.151147	0.00600053	0.00600046
0.151147	0.00600046	0.00600041
0.151147	0.00600041	0.00600035
0.151147	0.00600035	0.00600031
0.151147	0.00600031	0.00600027
0.151147	0.00600027	0.00600024
0.151147	0.00600024	0.00600021
0.151148	0.00600021	0.00600018
0.151148	0.00600018	0.00600016
0.151148	0.00600016	0.00600014
0.151148	0.00600014	0.00600012
0.151148	0.00600012	0.00600011
0.151148	0.00600011	0.00600009
0.151148	0.00600009	0.00600008
0.151148	0.00600008	0.00600007
0.151148	0.00600007	0.00600006
0.151148	0.00600006	0.00587505
0.151148	0.00587505	0.00576567
0.151148	0.00576567	0.00566996
0.151148	0.00566996	0.00558622
0.151149	0.00558622	0.00551294
0.151149	0.00551294	0.00544882
0.151149	0.00544882	0.00539272
0.151149	0.00539272	0.00534363
0.151149	0.00534363	0.00530067
0.151149	0.00530067	0.00526309
0.151149	0.00526309	0.0052302
0.151149	0.0052302	0.00520143
0.151149	0.00520143	0.00517625
0.151149	0.00517625	0.00515422
0.151149	0.00515422	0.00513494
0.151149	0.00513494	0.00511807
0.151149	0.00511807	0.00510331
0.15115	0.00510331	0.0050904
0.15115	0.0050904	0.0050791
0.15115	0.0050791	0.00506921
0.15115	0.00506921	0.00506056
0.15115	0.00506056	0.00505299
0.15115	0.00505299	0.00504636
0.15115	0.00504636	0.00504057
0.15115	0.00504057	0.0050355
0.15115	0.0050355	0.00503106
0.15115	0.00503106	0.00502718
0.15115	0.00502718	0.00502378
0.15115	0.00502378	0.00502081
0.15115	0.00502081	0.0050182
0.15115	0.0050182	0.00501593
0.151151	0.00501593	0.00501394
0.151217	0.00501394	0.00501219
0.151217	0.00501219	0.00501067
0.151217	0.00501067	0.00500934
0.151217	0.00500934	0.00500817
0.151217	0.00500817	0.00500715
0.151217	0.00500715	0.00500625
0.151217	0.00500625	0.00500547
0.151217	0.00500547	0.00500479
0.151217	0.00500479	0.00500419
0.151217	0.00500419	0.00500366
0.151217	0.00500366	0.00500321
0.151218	0.00500321	0.0050028
0.151218	0.0050028	0.00500245
0.151218	0.00500245	0.00500215
0.151218	0.00500215	0.00500188
0.151218	0.00500188	0.00500164
0.151218	0.00500164	0.00500144
0.151218	0.00500144	0.00500126
0.151218	0.00500126	0.0050011
0.151218	0.0050011	0.00500096
0.151218	0.00500096	0.00500084
0.151218	0.00500084	0.00500074
0.151218	0.00500074	0.00500064
0.151218	0.00500064	0.00500056
0.151219	0.00500056	0.00500049
0.151219	0.00500049	0.00500043
0.151219	0.00500043	0.00500037
0.151219	0.00500037	0.00500033
0.151219	0.00500033	0.00500029
0.151219	0.00500029	0.00500025
0.151219	0.00500025	0.00500022
0.151219	0.00500022	0.00500019
0.151219	0.00500019	0.00500017
0.151219	0.00500017	0.00500015
0.151219	0.00500015	0.00500013
0.151219	0.00500013	0.00500011
0.151219	0.00500011	0.0050001
0.151219	0.0050001	0.00500008
0.15122	0.00500008	0.00500007
0.15122	0.00500007	0.00500006
0.151317	0.00500006	0.00500005
0.151317	0.00500005	0.00500005
0.151317	0.00500005	0.00500004
0.151317	0.00500004	0.00500004
0.151317	0.00500004	0.00500003
0.151317	0.00500003	0.00500003
0.151317	0.00500003	0.00500002
0.151317	0.00500002	0.00500002
0.151317	0.00500002	0.00500002
0.151317	0.00500002	0.00500001
0.151317	0.00500001	0.00500001
0.151318	0.00500001	0.00500001
0.151318	0.00500001	0.00500001
0.151318	0.00500001	0.00500001
0.151318	0.00500001	0.00500001
0.151318	0.00500001	0.00500001
0.151318	0.00500001	0.005
0.151318	0.005	0.005
0.151318	0.005	0.005
0.151318	0.005	0.005
0.151318	0.005	0.005
0.153408	0.005	0.00525
0.153408	0.00525	0.00521875
0.153409	0.00521875	0.00519141
0.153409	0.00519141	0.00516748
0.153409	0.00516748	0.00514654
0.153409	0.00514654	0.00512823
0.153409	0.00512823	0.0051122
0.154108	0.0051122	0.00509817
0.154108	0.00509817	0.0050859
0.154109	0.0050859	0.00507516
0.154109	0.00507516	0.00506577
0.154109	0.00506577	0.00505755
0.154109	0.00505755	0.00505035
0.154109	0.00505035	0.00504406
0.154109	0.00504406	0.00503855
0.154109	0.00503855	0.00503373
0.154109	0.00503373	0.00502951
0.154109	0.00502951	0.00502582
0.154109	0.00502582	0.0050226
0.154109	0.0050226	0.00501977
0.154109	0.00501977	0.0050173
0.154109	0.0050173	0.00501514
0.15411	0.00501514	0.00501324
0.15411	0.00501324	0.00501159
0.15411	0.00501159	0.00501014
0.15411	0.00501014	0.00500887
0.15411	0.00500887	0.00500776
0.15411	0.00500776	0.00500679
0.15411	0.00500679	0.00500594
0.15411	0.00500594	0.0050052
0.15411	0.0050052	0.00500455
0.15411	0.00500455	0.00500398
0.15411	0.00500398	0.00500348
0.15411	0.00500348	0.00500305
0.15411	0.00500305	0.00500266
0.15411	0.00500266	0.00500233
0.154111	0.00500233	0.00500204
0.154111	0.00500204	0.00500178
0.154213	0.00500178	0.00500156
0.154213	0.00500156	0.00500136
0.154213	0.00500136	0.00500119
0.154213	0.00500119	0.00500104
0.154213	0.00500104	0.00500091
0.154213	0.00500091	0.0050008
0.154213	0.0050008	0.0050007
0.154213	0.0050007	0.00500061
0.154213	0.00500061	0.00500053
0.154213	0.00500053	0.00500047
0.154213	0.00500047	0.00500041
0.154213	0.00500041	0.00500036
0.154213	0.00500036	0.00500031
0.154214	0.00500031	0.00500027
0.154214	0.00500027	0.00500024
0.154214	0.00500024	0.00500021
0.154214	0.00500021	0.00500018
0.154214	0.00500018	0.00500016
0.156196	0.00500016	0.00525014
0.156196	0.00525014	0.00521887
0.156196	0.00521887	0.00519151
0.156196	0.00519151	0.00516757
0.156196	0.00516757	0.00514663
0.156196	0.00514663	0.0051283
0.156196	0.0051283	0.00511226
0.156196	0.00511226	0.00509823
0.156196	0.00509823	0.00508595
0.156196	0.00508595	0.0050752
0.156197	0.0050752	0.0050658
0.156197	0.0050658	0.00505758
0.156197	0.00505758	0.00505038
0.156197	0.00505038	0.00504408
0.156197	0.00504408	0.00503857
0.156197	0.00503857	0.00503375
0.156197	0.00503375	0.00502953
0.156197	0.00502953	0.00502584
0.156197	0.00502584	0.00502261
0.156197	0.00502261	0.00501978
0.156197	0.00501978	0.00501731
0.156197	0.00501731	0.00501514
0.156197	0.00501514	0.00501325
0.156197	0.00501325	0.00501159
0.156198	0.00501159	0.00501014
0.156198	0.00501014	0.00500888
0.156198	0.00500888	0.00500777
0.156198	0.00500777	0.00500679
0.156198	0.00500679	0.00500595
0.156198	0.00500595	0.0050052
0.156198	0.0050052	0.00500455
0.156296	0.00500455	0.00500398
0.156296	0.00500398	0.00500348
0.156296	0.00500348	0.00500305
0.156296	0.00500305	0.00500267
0.156296	0.00500267	0.00500233
0.156296	0.00500233	0.00500204
0.156296	0.00500204	0.00500178
0.156296	0.00500178	0.00500156
0.156296	0.00500156	0.00500136
0.156296	0.00500136	0.00500119
0.156297	0.00500119	0.00500104
0.156297	0.00500104	0.00500091
0.156297	0.00500091	0.0050008
0.156297	0.0050008	0.0050007
0.156297	0.0050007	0.00500061
0.156297	0.00500061	0.00500053
0.156297	0.00500053	0.00500047
0.156297	0.00500047	0.00500041
0.156297	0.00500041	0.00500036
0.156297	0.00500036	0.00500031
0.156297	0.00500031	0.00500027
0.156297	0.00500027	0.00500024
0.156297	0.00500024	0.00500021
0.156297	0.00500021	0.00500018
0.156298	0.00500018	0.00500016
0.156298	0.00500016	0.00500014
0.156298	0.00500014	0.00500012
0.156298	0.00500012	0.00500011
0.156298	0.00500011	0.00500009
0.156298	0.00500009	0.00500008
0.156298	0.00500008	0.00500007
0.156298	0.00500007	0.00500006
0.156298	0.00500006	0.00500005
0.156298	0.00500005	0.00500004
0.156298	0.00500004	0.00500004
0.156298	0.00500004	0.00500003
0.156298	0.00500003	0.00500003
0.156299	0.00500003	0.00500002
0.156299	0.00500002	0.00500002
0.156299	0.00500002	0.00500002
0.156299	0.00500002	0.00500002
0.156299	0.00500002	0.00500001
0.156299	0.00500001	0.00500001
0.156299	0.00500001	0.00500001
0.156299	0.00500001	0.00500001
0.156299	0.00500001	0.00500001
0.156299	0.00500001	0.00500001
0.156299	0.00500001	0.005
0.156299	0.005	0.005
0.156299	0.005	0.005
0.1563	0.005	0.005
0.1563	0.005	0.005
0.157096	0.005	0.005125
0.157096	0.005125	0.00523438
0.157096	0.00523438	0.00533008
0.157096	0.00533008	0.00541382
0.157096	0.00541382	0.00548709
0.157096	0.00548709	0.0055512
0.157096	0.0055512	0.0056073
0.157096	0.0056073	0.00565639
0.157096	0.00565639	0.00569934
0.157096	0.00569934	0.00573692
0.157097	0.00573692	0.00576981
0.157097	0.00576981	0.00579858
0.157097	0.00579858	0.00582376
0.157097	0.00582376	0.00584579
0.157097	0.00584579	0.00586506
0.157097	0.00586506	0.00588193
0.157097	0.00588193	0.00589669
0.157097	0.00589669	0.0059096
0.157097	0.0059096	0.0059209
0.157097	0.0059209	0.00593079
0.157097	0.00593079	0.00593944
0.157097	0.00593944	0.00594701
0.157097	0.00594701	0.00595363
0.157097	0.00595363	0.00595943
0.157098	0.00595943	0.0059645
0.157098	0.0059645	0.00596894
0.157208	0.00596894	0.00597282
0.157208	0.00597282	0.00597622
0.157209	0.00597622	0.00597919
0.157209	0.00597919	0.00598179
0.157209	0.00598179	0.00598407
0.157209	0.00598407	0.00598606
0.157209	0.00598606	0.0059878
0.157209	0.0059878	0.00598932
0.157209	0.00598932	0.00599066
0.157209	0.00599066	0.00599183
0.157209	0.00599183	0.00599285
0.157209	0.00599285	0.00599374
0.157209	0.00599374	0.00599452
0.157209	0.00599452	0.00599521
0.157209	0.00599521	0.0059958
0.15721	0.0059958	0.00599633
0.15721	0.00599633	0.00599679
0.15721	0.00599679	0.00599719
0.15721	0.00599719	0.00599754
0.15721	0.00599754	0.00599785
0.15721	0.00599785	0.00599812
0.15721	0.00599812	0.00599835
0.15721	0.00599835	0.00599856
0.15721	0.00599856	0.00599874
0.15721	0.00599874	0.00599889
0.15721	0.00599889	0.00599903
0.15721	0.00599903	0.00599915
0.15721	0.00599915	0.00599926
0.15721	0.00599926	0.00599935
0.157211	0.00599935	0.00599943
0.157211	0.00599943	0.0059995
0.157313	0.0059995	0.00599956
0.157313	0.00599956	0.00599962
0.157313	0.00599962	0.00599966
0.157313	0.00599966	0.00599971
0.157313	0.00599971	0.00599974
0.157313	0.00599974	0.00599977
0.157313	0.00599977	0.0059998
0.157313	0.0059998	0.00599983
0.157313	0.00599983	0.00599985
0.157313	0.00599985	0.00599987
0.157313	0.00599987	0.00599988
0.157313	0.00599988	0.0059999
0.157313	0.0059999	0.00599991
0.157314	0.00599991	0.00599992
0.157314	0.00599992	0.00599993
0.157314	0.00599993	0.00599994
0.157314	0.00599994	0.00599994
0.157314	0.00599994	0.00599995
0.157314	0.00599995	0.00599996
0.157314	0.00599996	0.00599996
0.157314	0.00599996	0.00599997
0.157314	0.00599997	0.00599997
0.157314	0.00599997	0.00599997
0.157314	0.00599997	0.00599998
0.157314	0.00599998	0.00599998
0.157314	0.00599998	0.00599998
0.157315	0.00599998	0.00599998
0.157315	0.00599998	0.00599999
0.157315	0.00599999	0.00599999
0.157315	0.00599999	0.00599999
0.157315	0.00599999	0.00599999
0.157315	0.00599999	0.00599999
0.157315	0.00599999	0.00599999
0.157315	0.00599999	0.00599999
0.157315	0.00599999	0.00599999
0.157315	0.00599999	0.00599999
0.158308	0.00599999	0.00612499
0.158308	0.00612499	0.00598437
0.158309	0.00598437	0.00586132
0.158309	0.00586132	0.00575366
0.158309	0.00575366	0.00565945
0.158309	0.00565945	0.00557702
0.158309	0.00557702	0.00550489
0.158309	0.00550489	0.00544178
0.158309	0.00544178	0.00538655
0.158309	0.00538655	0.00533823
0.158309	0.00533823	0.00529595
0.158309	0.00529595	0.00525896
0.158309	0.00525896	0.00522659
0.158309	0.00522659	0.00519826
0.159208	0.00519826	0.00529848
0.159208	0.00529848	0.00526117
0.159209	0.00526117	0.00522852
0.159209	0.00522852	0.00519996
0.159209	0.00519996	0.00517496
0.159209	0.00517496	0.00515309
0.159209	0.00515309	0.00513395
0.159209	0.00513395	0.00511721
0.159209	0.00511721	0.00510256
0.159209	0.00510256	0.00508974
0.159209	0.00508974	0.00507852
0.159209	0.00507852	0.0050687
0.159209	0.0050687	0.00506012
0.159209	0.00506012	0.0050526
0.159209	0.0050526	0.00504602
0.15921	0.00504602	0.00504027
0.15921	0.00504027	0.00503524
0.15921	0.00503524	0.00503083
0.15921	0.00503083	0.00502698
0.15921	0.00502698	0.00502361
0.15921	0.00502361	0.00502065
0.15921	0.00502065	0.00501807
0.15921	0.00501807	0.00501581
0.15921	0.00501581	0.00501384
0.15921	0.00501384	0.00501211
0.15921	0.00501211	0.00501059
0.15921	0.00501059	0.00500927
0.15921	0.00500927	0.00500811
0.15921	0.00500811	0.00500709
0.159211	0.00500709	0.00500621
0.159211	0.00500621	0.00500543
0.161296	0.00500543	0.00525475
0.161296	0.00525475	0.00547291
0.161296	0.00547291	0.00566379
0.161296	0.00566379	0.00583082
0.161296	0.00583082	0.00597697
0.161296	0.00597697	0.00610485
0.161296	0.00610485	0.00621674
0.161296	0.00621674	0.00631465
0.161296	0.00631465	0.00640032
0.161296	0.00640032	0.00647527
0.161297	0.00647527	0.00654086
0.161297	0.00654086	0.00659826
0.161297	0.00659826	0.00664847
0.161297	0.00664847	0.00669241
0.161297	0.00669241	0.00673086
0.161297	0.00673086	0.0067645
0.161297	0.0067645	0.00679394
0.161297	0.00679394	0.0068197
0.161297	0.0068197	0.00684224
0.161297	0.00684224	0.00686196
0.161297	0.00686196	0.00687921
0.161297	0.00687921	0.00689431
0.161297	0.00689431	0.00690752
0.161297	0.00690752	0.00691908
0.161298	0.00691908	0.00692919
0.161298	0.00692919	0.00693804
0.161298	0.00693804	0.00694579
0.161298	0.00694579	0.00695256
0.161298	0.00695256	0.00695849
0.161298	0.00695849	0.00696368
0.161298	0.00696368	0.00696822
0.161298	0.00696822	0.00697219
0.161298	0.00697219	0.00697567
0.161298	0.00697567	0.00697871
0.161298	0.00697871	0.00698137
0.161298	0.00698137	0.0069837
0.161298	0.0069837	0.00698573
0.161299	0.00698573	0.00698752
0.161299	0.00698752	0.00698908
0.161299	0.00698908	0.00699044
0.161299	0.00699044	0.00699164
0.161299	0.00699164	0.00699268
0.161299	0.00699268	0.0069936
0.161299	0.0069936	0.0069944
0.161299	0.0069944	0.0069951
0.161299	0.0069951	0.00699571
0.161299	0.00699571	0.00699624
0.161299	0.00699624	0.00699671
0.161299	0.00699671	0.00699712
0.161299	0.00699712	0.00699748
0.1613	0.00699748	0.0069978
0.1613	0.0069978	0.00699807
0.1613	0.00699807	0.00699831
0.1613	0.00699831	0.00699852
0.1613	0.00699852	0.00699871
0.1613	0.00699871	0.00699887
0.1613	0.00699887	0.00699901
0.1613	0.00699901	0.00699913
0.1613	0.00699913	0.00699924
0.1613	0.00699924	0.00699933
0.1613	0.00699933	0.00699942
0.1613	0.00699942	0.00699949
0.1613	0.00699949	0.00699955
0.1613	0.00699955	0.00699961
0.161301	0.00699961	0.00699966
0.161301	0.00699966	0.0069997
0.161301	0.0069997	0.00699974
0.161301	0.00699974	0.00699977
0.161301	0.00699977	0.0067498
0.161301	0.0067498	0.00653107
0.161301	0.00653107	0.00633969
0.161301	0.00633969	0.00617223
0.161301	0.00617223	0.0060257
0.161301	0.0060257	0.00589749
0.161301	0.00589749	0.0057853
0.161301	0.0057853	0.00568714
0.161301	0.00568714	0.00560124
0.161302	0.00560124	0.00552609
0.161302	0.00552609	0.00546033
0.161302	0.00546033	0.00540279
0.161302	0.00540279	0.00535244
0.161302	0.00535244	0.00530838
0.161302	0.00530838	0.00526983
0.161302	0.00526983	0.0052361
0.161302	0.0052361	0.00520659
0.161302	0.00520659	0.00518077
0.161302	0.00518077	0.00515817
0.161302	0.00515817	0.0051384
0.161302	0.0051384	0.0051211
0.161302	0.0051211	0.00510596
0.161303	0.00510596	0.00509272
0.161303	0.00509272	0.00508112
0.161303	0.00508112	0.00507098
0.161303	0.00507098	0.00506211
0.161303	0.00506211	0.00505435
0.161303	0.00505435	0.00504755
0.161396	0.00504755	0.00504161
0.161396	0.00504161	0.00503641
0.161396	0.00503641	0.00503186
0.161396	0.00503186	0.00502787
0.161396	0.00502787	0.00502439
0.161396	0.00502439	0.00502134
0.161396	0.00502134	0.00501867
0.161396	0.00501867	0.00501634
0.161396	0.00501634	0.0050143
0.161396	0.0050143	0.00501251
0.161397	0.00501251	0.00501094
0.161397	0.00501094	0.00500958
0.161397	0.00500958	0.00500838
0.161397	0.00500838	0.00500733
0.161397	0.00500733	0.00500641
0.161397	0.00500641	0.00500561
0.161397	0.00500561	0.00500491
0.161397	0.00500491	0.0050043
0.161397	0.0050043	0.00500376
0.161397	0.00500376	0.00500329
0.161397	0.00500329	0.00500288
0.161397	0.00500288	0.00500252
0.161397	0.00500252	0.0050022
0.161397	0.0050022	0.00500193
0.161398	0.00500193	0.00500168
0.161398	0.00500168	0.00500147
0.161398	0.00500147	0.00500129
0.161398	0.00500129	0.00500113
0.161398	0.00500113	0.00500099
0.161398	0.00500099	0.00500086
0.161398	0.00500086	0.00500075
0.161398	0.00500075	0.00500066
0.161398	0.00500066	0.00500058
0.161398	0.00500058	0.0050005
0.161398	0.0050005	0.00500044
0.161398	0.00500044	0.00500038
0.161398	0.00500038	0.00500034
0.161399	0.00500034	0.00500029
0.161399	0.00500029	0.00500026
0.161399	0.00500026	0.00500022
0.161399	0.00500022	0.0050002
0.161399	0.0050002	0.00500017
0.161399	0.00500017	0.00500015
0.161399	0.00500015	0.00500013
0.161399	0.00500013	0.00500011
0.161399	0.00500011	0.0050001
0.161399	0.0050001	0.00500008
0.161399	0.00500008	0.00500007
0.161399	0.00500007	0.00500006
0.161399	0.00500006	0.00500006
0.1614	0.00500006	0.00500005
0.1614	0.00500005	0.00500004
0.161496	0.00500004	0.00500004
0.161496	0.00500004	0.00500003
0.161496	0.00500003	0.00500003
0.161496	0.00500003	0.00500002
0.161496	0.00500002	0.00500002
0.161496	0.00500002	0.00500002
0.161496	0.00500002	0.00500001
0.161496	0.00500001	0.00500001
0.161496	0.00500001	0.00500001
0.161496	0.00500001	0.00500001
0.161497	0.00500001	0.00500001
0.161497	0.00500001	0.00500001
0.161497	0.00500001	0.00500001
0.161497	0.00500001	0.005
0.161497	0.005	0.005
0.161497	0.005	0.005
0.161497	0.005	0.005
0.161497	0.005	0.005
0.162096	0.005	0.005125
0.162096	0.005125	0.00523438
0.162096	0.00523438	0.00533008
0.162096	0.00533008	0.00541382
0.162096	0.00541382	0.00548709
0.162096	0.00548709	0.0055512
0.162096	0.0055512	0.0056073
0.162096	0.0056073	0.00565639
0.162096	0.00565639	0.00569934
0.162096	0.00569934	0.00573692
0.162097	0.00573692	0.00576981
0.162097	0.00576981	0.00579858
0.162097	0.00579858	0.00582376
0.162097	0.00582376	0.00584579
0.162097	0.00584579	0.00586506
0.162097	0.00586506	0.00588193
0.162097	0.00588193	0.00589669
0.162097	0.00589669	0.0059096
0.162097	0.0059096	0.0059209
0.162097	0.0059209	0.00593079
0.162097	0.00593079	0.00593944
0.162097	0.00593944	0.00594701
0.162097	0.00594701	0.00595363
0.162097	0.00595363	0.00595943
0.162098	0.00595943	0.0059645
0.162196	0.0059645	0.00596894
0.162196	0.00596894	0.00597282
0.162196	0.00597282	0.00597622
0.162196	0.00597622	0.00597919
0.162196	0.00597919	0.00598179
0.162196	0.00598179	0.00598407
0.162196	0.00598407	0.00598606
0.162196	0.00598606	0.0059878
0.162196	0.0059878	0.00598932
0.162196	0.00598932	0.00599066
0.162197	0.00599066	0.00599183
0.162197	0.00599183	0.00599285
0.162197	0.00599285	0.00599374
0.162197	0.00599374	0.00599452
0.162197	0.00599452	0.00599521
0.162197	0.00599521	0.0059958
0.162197	0.0059958	0.00599633
0.162197	0.00599633	0.00599679
0.162197	0.00599679	0.00599719
0.162197	0.00599719	0.00599754
0.162197	0.00599754	0.00599785
0.162197	0.00599785	0.00599812
0.162197	0.00599812	0.00599835
0.162197	0.00599835	0.00599856
0.162198	0.00599856	0.00599874
0.162198	0.00599874	0.00599889
0.162396	0.00599889	0.00599903
0.162396	0.00599903	0.00599915
0.162396	0.00599915	0.00599926
0.162396	0.00599926	0.00599935
0.162396	0.00599935	0.00599943
0.162396	0.00599943	0.0059995
0.162396	0.0059995	0.00599956
0.162396	0.00599956	0.00599962
0.162396	0.00599962	0.00599966
0.162396	0.00599966	0.00599971
0.162397	0.00599971	0.00599974
0.162397	0.00599974	0.00599977
0.162397	0.00599977	0.0059998
0.162397	0.0059998	0.00599983
0.162397	0.00599983	0.00599985
0.162397	0.00599985	0.00599987
0.162397	0.00599987	0.00599988
0.162397	0.00599988	0.0059999
0.162397	0.0059999	0.00599991
0.162397	0.00599991	0.00599992
0.162397	0.00599992	0.00599993
0.162397	0.00599993	0.00599994
0.162397	0.00599994	0.00599994
0.162397	0.00599994	0.00599995
0.162398	0.00599995	0.00599996
0.162398	0.00599996	0.00599996
0.162398	0.00599996	0.00599997
0.162398	0.00599997	0.00599997
0.162398	0.00599997	0.00599997
0.162398	0.00599997	0.00599998
0.162398	0.00599998	0.00599998
0.162496	0.00599998	0.00599998
0.162496	0.00599998	0.00599998
0.162496	0.00599998	0.00599999
0.162496	0.00599999	0.00599999
0.162496	0.00599999	0.00599999
0.162496	0.00599999	0.00599999
0.162496	0.00599999	0.00599999
0.162496	0.00599999	0.00599999
0.162496	0.00599999	0.00599999
0.162496	0.00599999	0.00599999
0.162497	0.00599999	0.00599999
0.163196	0.00599999	0.00612499
0.163196	0.00612499	0.00623437
0.163196	0.00623437	0.00633007
0.163196	0.00633007	0.00641381
0.163196	0.00641381	0.00648709
0.163196	0.00648709	0.0065512
0.163196	0.0065512	0.0066073
0.163196	0.0066073	0.00665639
0.163196	0.00665639	0.00669934
0.163196	0.00669934	0.00673692
0.163197	0.00673692	0.00676981
0.163197	0.00676981	0.00679858
0.163197	0.00679858	0.00682376
0.163197	0.00682376	0.00684579
0.163197	0.00684579	0.00686506
0.163197	0.00686506	0.00688193
0.163197	0.00688193	0.00689669
0.163197	0.00689669	0.0069096
0.163197	0.0069096	0.0069209
0.163197	0.0069209	0.00693079
0.163197	0.00693079	0.00693944
0.163197	0.00693944	0.00694701
0.163197	0.00694701	0.00695363
0.163197	0.00695363	0.00695943
0.163198	0.00695943	0.0069645
0.163198	0.0069645	0.00696894
0.163496	0.00696894	0.00697282
0.163496	0.00697282	0.00697622
0.163496	0.00697622	0.00697919
0.163496	0.00697919	0.00698179
0.163496	0.00698179	0.00698407
0.163496	0.00698407	0.00698606
0.163496	0.00698606	0.0069878
0.163496	0.0069878	0.00698932
0.163496	0.00698932	0.00699066
0.163496	0.00699066	0.00699183
0.163497	0.00699183	0.00699285
0.163497	0.00699285	0.00699374
0.163497	0.00699374	0.00699452
0.163497	0.00699452	0.00699521
0.163497	0.00699521	0.0069958
0.163497	0.0069958	0.00699633
0.163497	0.00699633	0.00699679
0.163497	0.00699679	0.00699719
0.163497	0.00699719	0.00699754
0.163497	0.00699754	0.00699785
0.163497	0.00699785	0.00699812
0.163497	0.00699812	0.00687335
0.163497	0.00687335	0.00676418
0.163497	0.00676418	0.00666866
0.163498	0.00666866	0.00658508
0.163498	0.00658508	0.00651194
0.163498	0.00651194	0.00644795
0.163498	0.00644795	0.00639195
0.163498	0.00639195	0.00634296
0.163498	0.00634296	0.00630009
0.163498	0.00630009	0.00626258
0.163498	0.00626258	0.00622975
0.163498	0.00622975	0.00620103
0.163498	0.00620103	0.0061759
0.163498	0.0061759	0.00615392
0.163498	0.00615392	0.00613468
0.163498	0.00613468	0.00611784
0.163499	0.00611784	0.00610311
0.163499	0.00610311	0.00609022
0.163499	0.00609022	0.00607894
0.163499	0.00607894	0.00606908
0.163499	0.00606908	0.00606044
0.163499	0.00606044	0.00605289
0.163499	0.00605289	0.00604627
0.163499	0.00604627	0.00604049
0.163499	0.00604049	0.00603543
0.163499	0.00603543	0.006031
0.163499	0.006031	0.00602712
0.163499	0.00602712	0.00602373
0.163499	0.00602373	0.00602076
0.1635	0.00602076	0.00601817
0.1635	0.00601817	0.0060159
0.1635	0.0060159	0.00601391
0.1635	0.00601391	0.00601217
0.1635	0.00601217	0.00601065
0.1635	0.00601065	0.00600932
0.1635	0.00600932	0.00600815
0.1635	0.00600815	0.00600713
0.1635	0.00600713	0.00600624
0.1635	0.00600624	0.00600546
0.1635	0.00600546	0.00600478
0.1635	0.00600478	0.00600418
0.1635	0.00600418	0.00600366
0.163696	0.00600366	0.0060032
0.163696	0.0060032	0.0060028
0.163696	0.0060028	0.00600245
0.163696	0.00600245	0.00600214
0.163696	0.00600214	0.00600187
0.163696	0.00600187	0.00600164
0.163696	0.00600164	0.00600143
0.163696	0.00600143	0.00600125
0.163696	0.00600125	0.0060011
0.163696	0.0060011	0.00600096
0.163697	0.00600096	0.00600084
0.163697	0.00600084	0.00600073
0.163697	0.00600073	0.00600064
0.163697	0.00600064	0.00600056
0.163697	0.00600056	0.00600049
0.163697	0.00600049	0.00600043
0.163697	0.00600043	0.00600037
0.163697	0.00600037	0.00600033
0.163697	0.00600033	0.00600029
0.163697	0.00600029	0.00600025
0.163697	0.00600025	0.00600022
0.163697	0.00600022	0.00600019
0.163697	0.00600019	0.00600017
0.163697	0.00600017	0.00600015
0.163698	0.00600015	0.00600013
0.163698	0.00600013	0.00600011
0.163698	0.00600011	0.0060001
0.163698	0.0060001	0.00600008
0.163698	0.00600008	0.00600007
0.163698	0.00600007	0.00600006
0.163698	0.00600006	0.00600005
0.163698	0.00600005	0.00600005
0.163698	0.00600005	0.00600004
0.163698	0.00600004	0.00600004
0.163698	0.00600004	0.00600003
0.163698	0.00600003	0.00600003
0.163698	0.00600003	0.00600002
0.163699	0.00600002	0.00600002
0.163699	0.00600002	0.00600002
0.163699	0.00600002	0.00600001
0.163699	0.00600001	0.00600001
0.163699	0.00600001	0.00600001
0.163699	0.00600001	0.00600001
0.163699	0.00600001	0.00600001
0.163699	0.00600001	0.00600001
0.163699	0.00600001	0.00600001
0.163699	0.00600001	0.006
0.163699	0.006	0.006
0.163699	0.006	0.006
0.163699	0.006	0.006
0.1637	0.006	0.006
0.164096	0.006	0.006125
0.164096	0.006125	0.00623438
0.164096	0.00623438	0.00633008
0.164096	0.00633008	0.00641382
0.164096	0.00641382	0.00648709
0.164096	0.00648709	0.0065512
0.164096	0.0065512	0.0066073
0.164096	0.0066073	0.00665639
0.164096	0.00665639	0.00669934
0.164096	0.00669934	0.00673692
0.164097	0.00673692	0.00676981
0.164097	0.00676981	0.00679858
0.164097	0.00679858	0.00682376
0.164097	0.00682376	0.00684579
0.164097	0.00684579	0.00686506
0.164097	0.00686506	0.00688193
0.164097	0.00688193	0.00689669
0.164097	0.00689669	0.0069096
0.164097	0.0069096	0.0069209
0.164097	0.0069209	0.00693079
0.164097	0.00693079	0.00693944
0.164097	0.00693944	0.00694701
0.164097	0.00694701	0.00695363
0.164308	0.00695363	0.00695943
0.164308	0.00695943	0.0069645
0.164309	0.0069645	0.00696894
0.164309	0.00696894	0.00697282
0.164309	0.00697282	0.00697622
0.164309	0.00697622	0.00697919
0.164309	0.00697919	0.00698179
0.164309	0.00698179	0.00698407
0.164309	0.00698407	0.00698606
0.164309	0.00698606	0.0069878
0.164309	0.0069878	0.00698932
0.164309	0.00698932	0.00699066
0.164309	0.00699066	0.00699183
0.164309	0.00699183	0.00699285
0.164309	0.00699285	0.00699374
0.16431	0.00699374	0.00699452
0.16431	0.00699452	0.00699521
0.16431	0.00699521	0.0069958
0.16431	0.0069958	0.00699633
0.16431	0.00699633	0.00699679
0.16431	0.00699679	0.00699719
0.16431	0.00699719	0.00699754
0.16431	0.00699754	0.00699785
0.16431	0.00699785	0.00699812
0.16431	0.00699812	0.00699835
0.16431	0.00699835	0.00699856
0.16431	0.00699856	0.00699874
0.16431	0.00699874	0.00699889
0.16431	0.00699889	0.00699903
0.164311	0.00699903	0.00699915
0.164311	0.00699915	0.00699926
0.164613	0.00699926	0.00699935
0.164613	0.00699935	0.00699943
0.164613	0.00699943	0.0069995
0.164613	0.0069995	0.00699956
0.164613	0.00699956	0.00699962
0.164613	0.00699962	0.00699967
0.164613	0.00699967	0.00699971
0.164613	0.00699971	0.00699974
0.164613	0.00699974	0.00699977
0.164613	0.00699977	0.0069998
0.164613	0.0069998	0.00699983
0.164613	0.00699983	0.00699985
0.164613	0.00699985	0.00699987
0.164614	0.00699987	0.00699988
0.164614	0.00699988	0.0069999
0.164614	0.0069999	0.00699991
0.164614	0.00699991	0.00699992
0.164614	0.00699992	0.00687493
0.164614	0.00687493	0.00676556
0.164614	0.00676556	0.00666987
0.164614	0.00666987	0.00658613
0.164614	0.00658613	0.00651287
0.164614	0.00651287	0.00644876
0.164614	0.00644876	0.00639266
0.164614	0.00639266	0.00634358
0.164614	0.00634358	0.00630063
0.164615	0.00630063	0.00626305
0.164615	0.00626305	0.00623017
0.164615	0.00623017	0.0062014
0.164615	0.0062014	0.00617622
0.164615	0.00617622	0.0061542
0.164615	0.0061542	0.00613492
0.164615	0.00613492	0.00611805
0.164615	0.00611805	0.0061033
0.164615	0.0061033	0.00609039
0.164615	0.00609039	0.00607909
0.164615	0.00607909	0.0060692
0.164615	0.0060692	0.00606055
0.164615	0.00606055	0.00605298
0.164615	0.00605298	0.00604636
0.164616	0.00604636	0.00604056
0.164616	0.00604056	0.00603549
0.164616	0.00603549	0.00603105
0.164616	0.00603105	0.00602717
0.164616	0.00602717	0.00602378
0.164616	0.00602378	0.0058958
0.164616	0.0058958	0.00578383
0.164616	0.00578383	0.00568585
0.164616	0.00568585	0.00560012
0.164616	0.00560012	0.0055251
0.164616	0.0055251	0.00545946
0.164616	0.00545946	0.00540203
0.164616	0.00540203	0.00535178
0.164617	0.00535178	0.0053078
0.164617	0.0053078	0.00526933
0.164617	0.00526933	0.00523566
0.164617	0.00523566	0.0052062
0.164617	0.0052062	0.00518043
0.164617	0.00518043	0.00515787
0.164617	0.00515787	0.00513814
0.164617	0.00513814	0.00512087
0.164617	0.00512087	0.00510576
0.164617	0.00510576	0.00509254
0.164617	0.00509254	0.00508097
0.164717	0.00508097	0.00507085
0.164717	0.00507085	0.00506199
0.164717	0.00506199	0.00505424
0.164717	0.00505424	0.00504746
0.164717	0.00504746	0.00504153
0.164717	0.00504153	0.00503634
0.164717	0.00503634	0.0050318
0.164717	0.0050318	0.00502782
0.164717	0.00502782	0.00502434
0.164717	0.00502434	0.0050213
0.164717	0.0050213	0.00501864
0.164718	0.00501864	0.00501631
0.164718	0.00501631	0.00501427
0.164718	0.00501427	0.00501248
0.164718	0.00501248	0.00501092
0.164718	0.00501092	0.00500956
0.164718	0.00500956	0.00500836
0.164718	0.00500836	0.00500732
0.166396	0.00500732	0.0052564
0.166396	0.0052564	0.00547435
0.166396	0.00547435	0.00566506
0.166396	0.00566506	0.00583192
0.166396	0.00583192	0.00597793
0.166396	0.00597793	0.00610569
0.166396	0.00610569	0.00621748
0.166396	0.00621748	0.00631529
0.166396	0.00631529	0.00640088
0.166396	0.00640088	0.00647577
0.166397	0.00647577	0.0065413
0.166397	0.0065413	0.00659864
0.166397	0.00659864	0.00664881
0.166397	0.00664881	0.00669271
0.166397	0.00669271	0.00673112
0.166397	0.00673112	0.00676473
0.166397	0.00676473	0.00679413
0.166397	0.00679413	0.00681987
0.166397	0.00681987	0.00684238
0.166397	0.00684238	0.00686209
0.166397	0.00686209	0.00687933
0.166397	0.00687933	0.00689441
0.166397	0.00689441	0.00690761
0.166397	0.00690761	0.00691916
0.166398	0.00691916	0.00692926
0.166398	0.00692926	0.0066881
0.166398	0.0066881	0.00647709
0.166398	0.00647709	0.00629245
0.166398	0.00629245	0.0061309
0.166398	0.0061309	0.00598953
0.166398	0.00598953	0.00586584
0.166596	0.00586584	0.00575761
0.166596	0.00575761	0.00566291
0.166596	0.00566291	0.00558004
0.166596	0.00558004	0.00550754
0.166596	0.00550754	0.0054441
0.166596	0.0054441	0.00538858
0.166596	0.00538858	0.00534001
0.166596	0.00534001	0.00529751
0.166596	0.00529751	0.00526032
0.166596	0.00526032	0.00522778
0.166597	0.00522778	0.00519931
0.166597	0.00519931	0.00517439
0.166597	0.00517439	0.00515259
0.166597	0.00515259	0.00513352
0.166597	0.00513352	0.00511683
0.166597	0.00511683	0.00510222
0.166597	0.00510222	0.00508945
0.166597	0.00508945	0.00507827
0.166597	0.00507827	0.00506848
0.166597	0.00506848	0.00505992
0.166597	0.00505992	0.00505243
0.166597	0.00505243	0.00504588
0.166597	0.00504588	0.00504014
0.166597	0.00504014	0.00503512
0.166598	0.00503512	0.00503073
0.166598	0.00503073	0.00502689
0.166598	0.00502689	0.00502353
0.166598	0.00502353	0.00502059
0.166598	0.00502059	0.00501801
0.166598	0.00501801	0.00501576
0.166598	0.00501576	0.00501379
0.166598	0.00501379	0.00501207
0.166598	0.00501207	0.00501056
0.166598	0.00501056	0.00500924
0.166598	0.00500924	0.00500808
0.166598	0.00500808	0.00500707
0.166598	0.00500707	0.00500619
0.166599	0.00500619	0.00500541
0.166599	0.00500541	0.00500474
0.166599	0.00500474	0.00500414
0.166599	0.00500414	0.00500363
0.166599	0.00500363	0.00500317
0.166599	0.00500317	0.00500278
0.166599	0.00500278	0.00500243
0.166599	0.00500243	0.00500212
0.166599	0.00500212	0.00500186
0.166599	0.00500186	0.00500162
0.166599	0.00500162	0.00500142
0.166599	0.00500142	0.00500124
0.166599	0.00500124	0.00500109
0.1666	0.00500109	0.00500095
0.1666	0.00500095	0.00500083
0.1666	0.00500083	0.00500073
0.1666	0.00500073	0.00500064
0.1666	0.00500064	0.00500056
0.1666	0.00500056	0.00500049
0.1666	0.00500049	0.00500043
0.1666	0.00500043	0.00500037
0.1666	0.00500037	0.00500032
0.1666	0.00500032	0.00500028
0.1666	0.00500028	0.00500025
0.1666	0.00500025	0.00500022
0.1666	0.00500022	0.00500019
0.1666	0.00500019	0.00500016
0.166696	0.00500016	0.00500014
0.166696	0.00500014	0.00500013
0.166696	0.00500013	0.00500011
0.166696	0.00500011	0.0050001
0.166696	0.0050001	0.00500008
0.166696	0.00500008	0.00500007
0.166696	0.00500007	0.00500006
0.166696	0.00500006	0.00500005
0.166696	0.00500005	0.00500005
0.166696	0.00500005	0.00500004
0.166697	0.00500004	0.00500004
0.166697	0.00500004	0.00500003
0.166697	0.00500003	0.00500003
0.166697	0.00500003	0.00500002
0.166697	0.00500002	0.00500002
0.166697	0.00500002	0.00500002
0.166697	0.00500002	0.00500001
0.166697	0.00500001	0.00500001
0.166697	0.00500001	0.00500001
0.166697	0.00500001	0.00500001
0.166697	0.00500001	0.00500001
0.166697	0.00500001	0.00500001
0.166697	0.00500001	0.00500001
0.166697	0.00500001	0.005
0.166698	0.005	0.005
0.166698	0.005	0.005
0.166698	0.005	0.005
0.166698	0.005	0.005
0.167096	0.005	0.005125
0.167096	0.005125	0.00523438
0.167096	0.00523438	0.00533008
0.167096	0.00533008	0.00541382
0.167096	0.00541382	0.00548709
0.167096	0.00548709	0.0055512
0.167096	0.0055512	0.0056073
0.167096	0.0056073	0.00565639
0.167096	0.00565639	0.00569934
0.167096	0.00569934	0.00573692
0.167097	0.00573692	0.00576981
0.167097	0.00576981	0.00579858
0.167097	0.00579858	0.00582376
0.167097	0.00582376	0.00584579
0.167097	0.00584579	0.00586506
0.167097	0.00586506	0.00588193
0.167097	0.00588193	0.00589669
0.167097	0.00589669	0.0059096
0.167097	0.0059096	0.0059209
0.167097	0.0059209	0.00593079
0.167097	0.00593079	0.00593944
0.167097	0.00593944	0.00594701
0.167097	0.00594701	0.00595363
0.167097	0.00595363	0.00595943
0.167098	0.00595943	0.0059645
0.167196	0.0059645	0.00596894
0.167196	0.00596894	0.00597282
0.167196	0.00597282	0.00597622
0.167196	0.00597622	0.00597919
0.167196	0.00597919	0.00598179
0.167196	0.00598179	0.00598407
0.167196	0.00598407	0.00598606
0.167196	0.00598606	0.0059878
0.167196	0.0059878	0.00598932
0.167196	0.00598932	0.00599066
0.167197	0.00599066	0.00599183
0.167197	0.00599183	0.00599285
0.167197	0.00599285	0.00599374
0.167197	0.00599374	0.00599452
0.167197	0.00599452	0.00599521
0.167197	0.00599521	0.0059958
0.167197	0.0059958	0.00599633
0.167197	0.00599633	0.00599679
0.167197	0.00599679	0.00599719
0.167197	0.00599719	0.00599754
0.167197	0.00599754	0.00599785
0.167197	0.00599785	0.00599812
0.167197	0.00599812	0.00599835
0.167496	0.00599835	0.00599856
0.167496	0.00599856	0.00599874
0.167496	0.00599874	0.00599889
0.167496	0.00599889	0.00599903
0.167496	0.00599903	0.00599915
0.167496	0.00599915	0.00599926
0.167496	0.00599926	0.00599935
0.167496	0.00599935	0.00599943
0.167496	0.00599943	0.0059995
0.167496	0.0059995	0.00599956
0.167497	0.00599956	0.00599962
0.167497	0.00599962	0.00599966
0.167497	0.00599966	0.00599971
0.167497	0.00599971	0.00599974
0.167497	0.00599974	0.00599977
0.167497	0.00599977	0.0059998
0.167497	0.0059998	0.00599983
0.167497	0.00599983	0.00599985
0.167497	0.00599985	0.00599987
0.167497	0.00599987	0.00599988
0.167497	0.00599988	0.0059999
0.167497	0.0059999	0.00599991
0.167497	0.00599991	0.00599992
0.167497	0.00599992	0.00599993
0.167498	0.00599993	0.00599994
0.167498	0.00599994	0.00599994
0.167498	0.00599994	0.00599995
0.167498	0.00599995	0.00599996
0.167498	0.00599996	0.00599996
0.167498	0.00599996	0.00599997
0.167498	0.00599997	0.00599997
0.167796	0.00599997	0.00599997
0.167796	0.00599997	0.00599998
0.167796	0.00599998	0.00599998
0.167796	0.00599998	0.00599998
0.167796	0.00599998	0.00599998
0.167796	0.00599998	0.00599999
0.167796	0.00599999	0.00599999
0.167796	0.00599999	0.00599999
0.167796	0.00599999	0.00599999
0.167796	0.00599999	0.00599999
0.167797	0.00599999	0.00599999
0.167797	0.00599999	0.00599999
0.167797	0.00599999	0.00599999
0.167797	0.00599999	0.00599999
0.168096	0.00599999	0.00612499
0.168096	0.00612499	0.00623437
0.168096	0.00623437	0.00633007
0.168096	0.00633007	0.00641381
0.168096	0.00641381	0.00648709
0.168096	0.00648709	0.0065512
0.168096	0.0065512	0.0066073
0.168096	0.0066073	0.00665639
0.168096	0.00665639	0.00669934
0.168096	0.00669934	0.00673692
0.168097	0.00673692	0.00676981
0.168097	0.00676981	0.00679858
0.168097	0.00679858	0.00682376
0.168097	0.00682376	0.00684579
0.168097	0.00684579	0.00686506
0.168097	0.00686506	0.00688193
0.168097	0.00688193	0.00689669
0.168097	0.00689669	0.0069096
0.168097	0.0069096	0.0069209
0.168097	0.0069209	0.00693079
0.168097	0.00693079	0.00693944
0.168097	0.00693944	0.00694701
0.168097	0.00694701	0.00695363
0.168097	0.00695363	0.00695943
0.168098	0.00695943	0.0069645
0.168098	0.0069645	0.00696894
0.168098	0.00696894	0.00697282
0.168196	0.00697282	0.00697622
0.168196	0.00697622	0.00697919
0.168196	0.00697919	0.00698179
0.168196	0.00698179	0.00698407
0.168196	0.00698407	0.00698606
0.168196	0.00698606	0.0069878
0.168196	0.0069878	0.00698932
0.168196	0.00698932	0.00699066
0.168196	0.00699066	0.00699183
0.168196	0.00699183	0.00699285
0.168197	0.00699285	0.00699374
0.168197	0.00699374	0.00699452
0.168197	0.00699452	0.00699521
0.168197	0.00699521	0.0069958
0.168197	0.0069958	0.00699633
0.168197	0.00699633	0.00699679
0.168197	0.00699679	0.00699719
0.168197	0.00699719	0.00699754
0.168197	0.00699754	0.00699785
0.168197	0.00699785	0.00699812
0.168197	0.00699812	0.00699835
0.168197	0.00699835	0.00699856
0.168197	0.00699856	0.00699874
0.168396	0.00699874	0.00699889
0.168396	0.00699889	0.00699903
0.168396	0.00699903	0.00699915
0.168396	0.00699915	0.00699926
0.168396	0.00699926	0.00699935
0.168396	0.00699935	0.00699943
0.168396	0.00699943	0.0069995
0.168396	0.0069995	0.00699956
0.168396	0.00699956	0.00699962
0.168396	0.00699962	0.00699967
0.168397	0.00699967	0.00699971
0.168397	0.00699971	0.00699974
0.168397	0.00699974	0.00699977
0.168397	0.00699977	0.0069998
0.168397	0.0069998	0.00699983
0.168397	0.00699983	0.00699985
0.168397	0.00699985	0.00699987
0.168397	0.00699987	0.00699988
0.168397	0.00699988	0.0069999
0.168397	0.0069999	0.00699991
0.168397	0.00699991	0.00699992
0.168397	0.00699992	0.00699993
0.168496	0.00699993	0.00699994
0.168496	0.00699994	0.00699994
0.168496	0.00699994	0.00699995
0.168496	0.00699995	0.00699996
0.168496	0.00699996	0.00699996
0.168496	0.00699996	0.00699997
0.168496	0.00699997	0.00699997
0.168496	0.00699997	0.00699997
0.168496	0.00699997	0.00699998
0.168496	0.00699998	0.00699998
0.168497	0.00699998	0.00699998
0.168497	0.00699998	0.00699998
0.168497	0.00699998	0.00699999
0.168497	0.00699999	0.00699999
0.168497	0.00699999	0.00699999
0.168497	0.00699999	0.00699999
0.168497	0.00699999	0.00699999
0.168497	0.00699999	0.00699999
0.168497	0.00699999	0.00699999
0.168497	0.00699999	0.00699999
0.168497	0.00699999	0.00699999
0.168799	0.00699999	0.00687499
0.168799	0.00687499	0.00676562
0.168799	0.00676562	0.00666992
0.168896	0.00666992	0.00658617
0.168896	0.00658617	0.0065129
0.168896	0.0065129	0.00644879
0.168896	0.00644879	0.00639269
0.168896	0.00639269	0.0063436
0.168896	0.0063436	0.00630065
0.168896	0.00630065	0.00626307
0.168896	0.00626307	0.00623019
0.168896	0.00623019	0.00620141
0.168896	0.00620141	0.00617624
0.168897	0.00617624	0.00615421
0.168897	0.00615421	0.00613493
0.168897	0.00613493	0.00611806
0.168897	0.00611806	0.0061033
0.168897	0.0061033	0.00609039
0.168897	0.00609039	0.00607909
0.168897	0.00607909	0.00606921
0.168897	0.00606921	0.00606055
0.168897	0.00606055	0.00605298
0.168897	0.00605298	0.00604636
0.168897	0.00604636	0.00604057
0.168897	0.00604057	0.00603549
0.168897	0.00603549	0.00603106
0.168897	0.00603106	0.00602717
0.168898	0.00602717	0.00602378
0.168996	0.00602378	0.0060208
0.168996	0.0060208	0.0060182
0.168996	0.0060182	0.00601593
0.168996	0.00601593	0.00601394
0.168996	0.00601394	0.00601219
0.168996	0.00601219	0.00601067
0.168996	0.00601067	0.00600934
0.168996	0.00600934	0.00600817
0.168996	0.00600817	0.00600715
0.168996	0.00600715	0.00600625
0.168997	0.00600625	0.00600547
0.168997	0.00600547	0.00600479
0.168997	0.00600479	0.00600419
0.168997	0.00600419	0.00600366
0.168997	0.00600366	0.00600321
0.168997	0.00600321	0.0060028
0.168997	0.0060028	0.00600245
0.168997	0.00600245	0.00600215
0.168997	0.00600215	0.00600188
0.168997	0.00600188	0.00600164
0.168997	0.00600164	0.00600144
0.168997	0.00600144	0.00600126
0.168997	0.00600126	0.0060011
0.168997	0.0060011	0.00600096
0.168998	0.00600096	0.00600084
0.168998	0.00600084	0.00600074
0.169196	0.00600074	0.00612564
0.169196	0.00612564	0.00623494
0.169196	0.00623494	0.00633057
0.169196	0.00633057	0.00641425
0.169196	0.00641425	0.00648747
0.169196	0.00648747	0.00655153
0.169196	0.00655153	0.00660759
0.169196	0.00660759	0.00665664
0.169196	0.00665664	0.00669956
0.169196	0.00669956	0.00673712
0.169197	0.00673712	0.00676998
0.169197	0.00676998	0.00679873
0.169197	0.00679873	0.00682389
0.169197	0.00682389	0.0068459
0.169197	0.0068459	0.00686516
0.169197	0.00686516	0.00688202
0.169197	0.00688202	0.00689676
0.169197	0.00689676	0.00690967
0.169197	0.00690967	0.00692096
0.169197	0.00692096	0.00693084
0.169197	0.00693084	0.00693948
0.169197	0.00693948	0.00694705
0.169197	0.00694705	0.00695367
0.169197	0.00695367	0.00695946
0.169198	0.00695946	0.00696453
0.169198	0.00696453	0.00696896
0.169198	0.00696896	0.00697284
0.169198	0.00697284	0.00697623
0.169198	0.00697623	0.0069792
0.169198	0.0069792	0.0069818
0.169198	0.0069818	0.00698408
0.169296	0.00698408	0.00698607
0.169296	0.00698607	0.00698781
0.169296	0.00698781	0.00698933
0.169296	0.00698933	0.00699067
0.169296	0.00699067	0.00699183
0.169296	0.00699183	0.00699285
0.169296	0.00699285	0.00699374
0.169296	0.00699374	0.00699453
0.169296	0.00699453	0.00699521
0.169296	0.00699521	0.00699581
0.169297	0.00699581	0.00699633
0.169297	0.00699633	0.00699679
0.169297	0.00699679	0.00699719
0.169297	0.00699719	0.00699754
0.169297	0.00699754	0.00699785
0.169297	0.00699785	0.00699812
0.169297	0.00699812	0.00699835
0.169297	0.00699835	0.00699856
0.169297	0.00699856	0.00699874
0.169496	0.00699874	0.00699889
0.169496	0.00699889	0.00699903
0.169496	0.00699903	0.00699915
0.169496	0.00699915	0.00699926
0.169496	0.00699926	0.00699935
0.169496	0.00699935	0.00699943
0.169496	0.00699943	0.0069995
0.169496	0.0069995	0.00699956
0.169496	0.00699956	0.00699962
0.169496	0.00699962	0.00699967
0.169497	0.00699967	0.00699971
0.169497	0.00699971	0.00699974
0.169497	0.00699974	0.00699977
0.169497	0.00699977	0.0069998
0.169497	0.0069998	0.00699983
0.169497	0.00699983	0.00699985
0.169497	0.00699985	0.00699987
0.169497	0.00699987	0.00699988
0.169497	0.00699988	0.0069999
0.169497	0.0069999	0.00699991
0.169497	0.00699991	0.00699992
0.169497	0.00699992	0.00699993
0.169497	0.00699993	0.00699994
0.169497	0.00699994	0.00699994
0.169498	0.00699994	0.00699995
0.169498	0.00699995	0.00699996
0.169498	0.00699996	0.00699996
0.169498	0.00699996	0.00699997
0.169498	0.00699997	0.00699997
0.169498	0.00699997	0.00699997
0.169498	0.00699997	0.00699998
0.169696	0.00699998	0.00699998
0.169696	0.00699998	0.00699998
0.169696	0.00699998	0.00699998
0.169696	0.00699998	0.00699999
0.169696	0.00699999	0.00699999
0.169696	0.00699999	0.00699999
0.169696	0.00699999	0.00699999
0.169696	0.00699999	0.00699999
0.169696	0.00699999	0.00699999
0.169696	0.00699999	0.00699999
0.169697	0.00699999	0.00699999
0.169697	0.00699999	0.00699999
0.170096	0.00699999	0.00712499
0.170096	0.00712499	0.00723437
0.170096	0.00723437	0.00733007
0.170096	0.00733007	0.00741381
0.170096	0.00741381	0.00748709
0.170096	0.00748709	0.0075512
0.170096	0.0075512	0.0076073
0.170096	0.0076073	0.00765639
0.170096	0.00765639	0.00769934
0.170096	0.00769934	0.00773692
0.170097	0.00773692	0.00776981
0.170097	0.00776981	0.00779858
0.170097	0.00779858	0.00782376
0.170097	0.00782376	0.00784579
0.170097	0.00784579	0.00786506
0.170097	0.00786506	0.00788193
0.170097	0.00788193	0.00789669
0.170097	0.00789669	0.0079096
0.170097	0.0079096	0.0079209
0.170097	0.0079209	0.00793079
0.170097	0.00793079	0.00793944
0.170097	0.00793944	0.00794701
0.170097	0.00794701	0.00795363
0.170097	0.00795363	0.00795943
0.170098	0.00795943	0.0079645
0.170196	0.0079645	0.00796894
0.170196	0.00796894	0.00797282
0.170196	0.00797282	0.00797622
0.170196	0.00797622	0.00797919
0.170196	0.00797919	0.00798179
0.170196	0.00798179	0.00798407
0.170196	0.00798407	0.00798606
0.170196	0.00798606	0.0079878
0.170196	0.0079878	0.00798932
0.170196	0.00798932	0.00799066
0.170197	0.00799066	0.00799182
0.170197	0.00799182	0.00799285
0.170197	0.00799285	0.00799374
0.170197	0.00799374	0.00799452
0.170197	0.00799452	0.00799521
0.170197	0.00799521	0.0079958
0.170197	0.0079958	0.00799633
0.170197	0.00799633	0.00799679
0.170197	0.00799679	0.00799719
0.170197	0.00799719	0.00799754
0.170197	0.00799754	0.00799785
0.170197	0.00799785	0.00799812
0.170197	0.00799812	0.00799835
0.170496	0.00799835	0.00799856
0.170496	0.00799856	0.00799874
0.170496	0.00799874	0.00799889
0.170496	0.00799889	0.00799903
0.170496	0.00799903	0.00799915
0.170496	0.00799915	0.00799926
0.170496	0.00799926	0.00799935
0.170496	0.00799935	0.00799943
0.170496	0.00799943	0.0079995
0.170496	0.0079995	0.00799956
0.170497	0.00799956	0.00799962
0.170497	0.00799962	0.00799966
0.170497	0.00799966	0.00799971
0.170497	0.00799971	0.00799974
0.170497	0.00799974	0.00799977
0.170497	0.00799977	0.0079998
0.170497	0.0079998	0.00799983
0.170497	0.00799983	0.00799985
0.170497	0.00799985	0.00799987
0.170497	0.00799987	0.00799988
0.170497	0.00799988	0.0079999
0.170497	0.0079999	0.00799991
0.170497	0.00799991	0.00799992
0.170497	0.00799992	0.00799993
0.170498	0.00799993	0.00799994
0.170498	0.00799994	0.00799994
0.170498	0.00799994	0.00799995
0.170498	0.00799995	0.00799996
0.170498	0.00799996	0.00799996
0.170498	0.00799996	0.00799997
0.170498	0.00799997	0.00799997
0.170596	0.00799997	0.00799997
0.170596	0.00799997	0.00799998
0.170596	0.00799998	0.00799998
0.170596	0.00799998	0.00799998
0.170596	0.00799998	0.00799998
0.170596	0.00799998	0.00799998
0.170596	0.00799998	0.00799999
0.170596	0.00799999	0.00799999
0.170596	0.00799999	0.00799999
0.170596	0.00799999	0.00799999
0.170597	0.00799999	0.00799999
0.170597	0.00799999	0.00799999
0.170597	0.00799999	0.00799999
0.170597	0.00799999	0.00799999
0.171	0.00799999	0.00812499
0.171	0.00812499	0.00823437
0.171	0.00823437	0.00833007
0.171	0.00833007	0.00841381
0.171	0.00841381	0.00848709
0.171	0.00848709	0.0085512
0.171	0.0085512	0.0086073
0.171096	0.0086073	0.00865639
0.171096	0.00865639	0.00869934
0.171096	0.00869934	0.00873692
0.171096	0.00873692	0.00876981
0.171096	0.00876981	0.00867358
0.171096	0.00867358	0.00858938
0.171096	0.00858938	0.00851571
0.171096	0.00851571	0.00845124
0.171096	0.00845124	0.00839484
0.171096	0.00839484	0.00834548
0.171097	0.00834548	0.0083023
0.171097	0.0083023	0.00826451
0.171097	0.00826451	0.00823145
0.171097	0.00823145	0.00820251
0.171097	0.00820251	0.0081772
0.171097	0.0081772	0.00815505
0.171097	0.00815505	0.00813567
0.171097	0.00813567	0.00811871
0.171097	0.00811871	0.00810387
0.171097	0.00810387	0.00809089
0.171097	0.00809089	0.00807952
0.171097	0.00807952	0.00806958
0.171097	0.00806958	0.00806089
0.171097	0.00806089	0.00805327
0.171098	0.00805327	0.00804661
0.171098	0.00804661	0.00804079
0.171098	0.00804079	0.00803569
0.171098	0.00803569	0.00803123
0.171098	0.00803123	0.00802732
0.171098	0.00802732	0.00802391
0.171098	0.00802391	0.00802092
0.171098	0.00802092	0.0080183
0.171098	0.0080183	0.00801601
0.171098	0.00801601	0.00801401
0.171098	0.00801401	0.00801226
0.171296	0.00801226	0.00801073
0.171296	0.00801073	0.00800939
0.171296	0.00800939	0.00800821
0.171296	0.00800821	0.00800719
0.171296	0.00800719	0.00800629
0.171296	0.00800629	0.0080055
0.171296	0.0080055	0.00800481
0.171296	0.00800481	0.00800421
0.171296	0.00800421	0.00800368
0.171296	0.00800368	0.00800322
0.171297	0.00800322	0.00800282
0.171297	0.00800282	0.00800247
0.171297	0.00800247	0.00800216
0.171297	0.00800216	0.00800189
0.171297	0.00800189	0.00800165
0.171297	0.00800165	0.00800144
0.171297	0.00800144	0.00800126
0.171297	0.00800126	0.00800111
0.171297	0.00800111	0.00800097
0.171297	0.00800097	0.00800085
0.171297	0.00800085	0.00800074
0.171297	0.00800074	0.00800065
0.171297	0.00800065	0.00800057
0.171297	0.00800057	0.00800049
0.171298	0.00800049	0.00800043
0.171396	0.00800043	0.00800038
0.171396	0.00800038	0.00800033
0.171396	0.00800033	0.00800029
0.171396	0.00800029	0.00800025
0.171396	0.00800025	0.00800022
0.171396	0.00800022	0.00800019
0.171396	0.00800019	0.00800017
0.171396	0.00800017	0.00800015
0.171396	0.00800015	0.00800013
0.171396	0.00800013	0.00800011
0.171397	0.00800011	0.0080001
0.171397	0.0080001	0.00800009
0.171397	0.00800009	0.00800007
0.171397	0.00800007	0.00800006
0.171397	0.00800006	0.00800006
0.171397	0.00800006	0.00800005
0.171397	0.00800005	0.00800004
0.171397	0.00800004	0.00800004
0.171397	0.00800004	0.00800003
0.171397	0.00800003	0.00800003
0.171397	0.00800003	0.00800002
0.171397	0.00800002	0.00800002
0.171397	0.00800002	0.00800002
0.171397	0.00800002	0.00800001
0.171398	0.00800001	0.00800001
0.171596	0.00800001	0.00800001
0.171596	0.00800001	0.00800001
0.171596	0.00800001	0.00800001
0.171596	0.00800001	0.00800001
0.171596	0.00800001	0.008
0.171596	0.008	0.008
0.171596	0.008	0.008
0.171596	0.008	0.008
0.171596	0.008	0.008
0.171596	0.008	0.008
