0.107608	1400
0.112712	1400
0.112712	1400
0.117821	1400
0.117821	1400
0.117821	1400
0.117821	1400
0.122933	1400
0.122933	1400
0.122933	1400
0.122933	1400
0.122933	1400
0.122933	1400
0.122933	1400
0.124008	1400
0.128054	1400
0.128054	1400
0.128054	1400
0.128054	1400
0.128054	1400
0.128054	1400
0.128054	1400
0.128054	1400
0.128054	1400
0.128054	1400
0.128054	1400
0.128054	1400
0.128054	1400
0.129108	1400
0.131112	1400
0.131112	1400
0.133196	1400
0.133196	1400
0.133196	1400
0.133196	1400
0.133196	1400
0.133196	1400
0.133196	1400
0.133196	1400
0.133196	1400
0.133196	1400
0.133196	1400
0.133196	1400
0.133196	1400
0.133196	1400
0.133196	1400
0.133196	1400
0.133196	1400
0.133196	1400
0.133196	1400
0.133196	1400
0.133196	1400
0.133196	1400
0.133196	1400
0.133196	1400
0.133196	1400
0.134208	1400
0.136225	1400
0.136225	1400
0.136225	1400
0.136225	1400
0.136225	1400
0.136225	1400
0.138296	1400
0.138296	1400
0.138296	1400
0.138296	1400
0.138296	1400
0.138296	1400
0.138296	1400
0.138296	1400
0.138296	1400
0.138296	1400
0.138296	1400
0.138296	1400
0.138296	1400
0.138296	1400
0.138296	1400
0.138296	1400
0.138296	1400
0.138296	1400
0.138296	1400
0.138296	1400
0.138296	1400
0.138296	1400
0.138296	1400
0.138296	1400
0.138296	1400
0.138296	1400
0.138383	1400
0.138383	1400
0.138383	1400
0.138383	1400
0.138383	1400
0.138383	1400
0.138383	1400
0.138383	1400
0.138383	1400
0.138383	1400
0.138383	1400
0.138383	1400
0.138383	1400
0.138383	1400
0.138383	1400
0.138383	1400
0.138383	1400
0.138383	1400
0.138383	1400
0.138383	1400
0.138383	1400
0.138383	1400
0.138383	1400
0.139308	1400
0.141354	1400
0.141354	1400
0.141354	1400
0.141354	1400
0.141354	1400
0.141354	1400
0.141354	1400
0.141354	1400
0.141354	1400
0.141354	1400
0.141354	1400
0.141354	1400
0.141354	1400
0.142408	1400
0.143396	1400
0.143396	1400
0.143396	1400
0.143396	1400
0.143396	1400
0.143396	1400
0.143396	1400
0.143396	1400
0.143396	1400
0.143396	1400
0.143396	1400
0.143396	1400
0.143396	1400
0.143396	1400
0.143396	1400
0.143396	1400
0.143396	1400
0.143396	1400
0.143396	1400
0.143396	1400
0.143396	1400
0.143396	1400
0.143396	1400
0.143396	1400
0.143396	1400
0.143396	1400
0.143496	1400
0.143496	1400
0.143496	1400
0.143496	1400
0.143496	1400
0.143496	1400
0.143496	1400
0.143496	1400
0.143496	1400
0.143496	1400
0.143496	1400
0.143496	1400
0.143496	1400
0.143496	1400
0.143496	1400
0.143496	1400
0.143496	1400
0.143496	1400
0.143496	1400
0.143496	1400
0.143496	1400
0.143496	1400
0.143496	1400
0.143496	1400
0.143496	1400
0.143496	1400
0.143496	1400
0.143596	1400
0.143596	1400
0.143596	1400
0.143596	1400
0.143596	1400
0.143596	1400
0.143596	1400
0.143596	1400
0.143596	1400
0.143596	1400
0.143596	1400
0.143596	1400
0.143596	1400
0.143596	1400
0.143596	1400
0.143596	1400
0.143596	1400
0.143596	1400
0.143596	1400
0.143596	1400
0.143596	1400
0.143596	1400
0.143596	1400
0.143596	1400
0.143596	1400
0.143596	1400
0.143596	1400
0.143667	1400
0.143667	1400
0.143667	1400
0.143667	1400
0.143667	1400
0.143667	1400
0.143667	1400
0.143667	1400
0.143667	1400
0.143667	1400
0.143667	1400
0.143667	1400
0.143667	1400
0.143667	1400
0.143667	1400
0.143667	1400
0.143667	1400
0.144408	1400
0.145712	1400
0.145712	1400
0.146496	1400
0.146496	1400
0.146496	1400
0.146496	1400
0.146496	1400
0.146496	1400
0.146496	1400
0.146496	1400
0.146496	1400
0.146496	1400
0.146496	1400
0.146496	1400
0.146496	1400
0.146496	1400
0.146496	1400
0.146496	1400
0.146496	1400
0.146496	1400
0.146496	1400
0.146496	1400
0.146496	1400
0.146496	1400
0.146496	1400
0.146496	1400
0.146496	1400
0.146808	1400
0.148496	1400
0.148496	1400
0.148496	1400
0.148496	1400
0.148496	1400
0.148496	1400
0.148496	1400
0.148496	1400
0.148496	1400
0.148496	1400
0.148496	1400
0.148496	1400
0.148496	1400
0.148496	1400
0.148496	1400
0.148496	1400
0.148496	1400
0.148496	1400
0.148496	1400
0.148496	1400
0.148496	1400
0.148496	1400
0.148496	1400
0.148496	1400
0.148496	1400
0.148496	1400
0.148596	1400
0.148596	1400
0.148596	1400
0.148596	1400
0.148596	1400
0.148596	1400
0.148596	1400
0.148596	1400
0.148596	1400
0.148596	1400
0.148596	1400
0.148596	1400
0.148596	1400
0.148596	1400
0.148596	1400
0.148596	1400
0.148596	1400
0.148596	1400
0.148596	1400
0.148596	1400
0.148596	1400
0.148596	1400
0.148596	1400
0.148596	1400
0.148596	1400
0.148596	1400
0.148596	1400
0.148696	1400
0.148696	1400
0.148696	1400
0.148696	1400
0.148696	1400
0.148696	1400
0.148696	1400
0.148696	1400
0.148696	1400
0.148696	1400
0.148696	1400
0.148696	1400
0.148696	1400
0.148696	1400
0.148696	1400
0.148696	1400
0.148696	1400
0.148696	1400
0.148696	1400
0.148696	1400
0.148696	1400
0.148696	1400
0.148696	1400
0.148696	1400
0.148696	1400
0.148696	1400
0.148696	1400
0.148796	1400
0.148796	1400
0.148796	1400
0.148796	1400
0.148796	1400
0.148796	1400
0.148796	1400
0.148796	1400
0.148796	1400
0.148796	1400
0.148796	1400
0.148796	1400
0.148796	1400
0.148796	1400
0.148796	1400
0.148796	1400
0.148796	1400
0.148796	1400
0.148796	1400
0.148796	1400
0.148796	1400
0.148796	1400
0.148796	1400
0.148796	1400
0.148796	1400
0.148796	1400
0.148796	1400
0.148896	1400
0.148896	1400
0.148896	1400
0.148896	1400
0.148896	1400
0.148896	1400
0.148896	1400
0.148896	1400
0.148896	1400
0.148896	1400
0.148896	1400
0.148896	1400
0.148896	1400
0.148896	1400
0.148896	1400
0.148896	1400
0.148896	1400
0.148896	1400
0.148896	1400
0.148896	1400
0.148896	1400
0.148896	1400
0.148896	1400
0.148896	1400
0.148896	1400
0.148896	1400
0.148896	1400
0.148996	1400
0.148996	1400
0.148996	1400
0.148996	1400
0.148996	1400
0.148996	1400
0.148996	1400
0.148996	1400
0.148996	1400
0.148996	1400
0.148996	1400
0.148996	1400
0.148996	1400
0.148996	1400
0.148996	1400
0.148996	1400
0.148996	1400
0.148996	1400
0.148996	1400
0.148996	1400
0.148996	1400
0.148996	1400
0.148996	1400
0.148996	1400
0.148996	1400
0.148996	1400
0.148996	1400
0.149092	1400
0.149092	1400
0.149092	1400
0.149092	1400
0.149092	1400
0.149092	1400
0.149092	1400
0.149092	1400
0.149092	1400
0.149092	1400
0.149092	1400
0.149092	1400
0.149092	1400
0.149092	1400
0.149092	1400
0.149092	1400
0.149092	1400
0.149092	1400
0.149092	1400
0.149092	1400
0.149092	1400
0.149092	1400
0.149092	1400
0.149092	1400
0.149092	1400
0.149092	1400
0.149137	1400
0.149137	1400
0.149137	1400
0.149137	1400
0.149137	1400
0.149137	1400
0.149137	1400
0.149137	1400
0.149508	1400
0.150825	1400
0.150825	1400
0.150825	1400
0.150825	1400
0.150825	1400
0.150825	1400
0.151596	1400
0.151596	1400
0.151596	1400
0.151596	1400
0.151596	1400
0.151596	1400
0.151596	1400
0.151596	1400
0.151596	1400
0.151596	1400
0.151596	1400
0.151596	1400
0.151596	1400
0.151596	1400
0.151596	1400
0.151596	1400
0.151596	1400
0.151596	1400
0.151596	1400
0.151596	1400
0.151596	1400
0.151596	1400
0.151596	1400
0.151596	1400
0.151596	1400
0.151596	1400
0.151683	1400
0.151683	1400
0.151683	1400
0.151683	1400
0.151683	1400
0.151683	1400
0.151683	1400
0.151683	1400
0.151683	1400
0.151683	1400
0.151683	1400
0.151683	1400
0.151683	1400
0.151683	1400
0.151683	1400
0.151683	1400
0.151683	1400
0.151683	1400
0.151683	1400
0.151683	1400
0.151683	1400
0.151683	1400
0.151683	1400
0.151908	1400
0.153517	1400
0.153517	1400
0.153517	1400
0.153696	1400
0.153696	1400
0.153696	1400
0.153696	1400
0.153696	1400
0.153696	1400
0.153696	1400
0.153696	1400
0.153696	1400
0.153696	1400
0.153696	1400
0.153696	1400
0.153696	1400
0.153696	1400
0.153696	1400
0.153696	1400
0.153696	1400
0.153696	1400
0.153696	1400
0.153696	1400
0.153696	1400
0.153696	1400
0.153696	1400
0.153696	1400
0.153696	1400
0.153696	1400
0.153796	1400
0.153796	1400
0.153796	1400
0.153796	1400
0.153796	1400
0.153796	1400
0.153796	1400
0.153796	1400
0.153796	1400
0.153796	1400
0.153796	1400
0.153796	1400
0.153796	1400
0.153796	1400
0.153796	1400
0.153796	1400
0.153796	1400
0.153796	1400
0.153796	1400
0.153796	1400
0.153796	1400
0.153796	1400
0.153796	1400
0.153796	1400
0.153796	1400
0.153796	1400
0.153796	1400
0.153896	1400
0.153896	1400
0.153896	1400
0.153896	1400
0.153896	1400
0.153896	1400
0.153896	1400
0.153896	1400
0.153896	1400
0.153896	1400
0.153896	1400
0.153896	1400
0.153896	1400
0.153896	1400
0.153896	1400
0.153896	1400
0.153896	1400
0.153896	1400
0.153896	1400
0.153896	1400
0.153896	1400
0.153896	1400
0.153896	1400
0.153896	1400
0.153896	1400
0.153896	1400
0.153896	1400
0.153996	1400
0.153996	1400
0.153996	1400
0.153996	1400
0.153996	1400
0.153996	1400
0.153996	1400
0.153996	1400
0.153996	1400
0.153996	1400
0.153996	1400
0.153996	1400
0.153996	1400
0.153996	1400
0.153996	1400
0.153996	1400
0.153996	1400
0.153996	1400
0.153996	1400
0.153996	1400
0.153996	1400
0.153996	1400
0.153996	1400
0.153996	1400
0.153996	1400
0.153996	1400
0.153996	1400
0.154096	1400
0.154096	1400
0.154096	1400
0.154096	1400
0.154096	1400
0.154096	1400
0.154096	1400
0.154096	1400
0.154096	1400
0.154096	1400
0.154096	1400
0.154096	1400
0.154096	1400
0.154096	1400
0.154096	1400
0.154096	1400
0.154096	1400
0.154096	1400
0.154096	1400
0.154096	1400
0.154096	1400
0.154096	1400
0.154096	1400
0.154096	1400
0.154096	1400
0.154096	1400
0.154096	1400
0.154192	1400
0.154192	1400
0.154192	1400
0.154192	1400
0.154192	1400
0.154192	1400
0.154192	1400
0.154192	1400
0.154192	1400
0.154192	1400
0.154192	1400
0.154192	1400
0.154192	1400
0.154192	1400
0.154192	1400
0.154192	1400
0.154192	1400
0.154192	1400
0.154192	1400
0.154192	1400
0.154192	1400
0.154192	1400
0.154192	1400
0.154192	1400
0.154192	1400
0.154192	1400
0.154287	1400
0.154287	1400
0.154287	1400
0.154287	1400
0.154287	1400
0.154287	1400
0.154287	1400
0.154287	1400
0.154287	1400
0.154287	1400
0.154287	1400
0.154287	1400
0.154287	1400
0.154287	1400
0.154287	1400
0.154287	1400
0.154287	1400
0.154287	1400
0.154287	1400
0.154287	1400
0.154287	1400
0.154287	1400
0.154287	1400
0.154287	1400
0.154387	1400
0.154387	1400
0.154387	1400
0.154387	1400
0.154387	1400
0.154387	1400
0.154387	1400
0.154387	1400
0.154387	1400
0.154387	1400
0.154387	1400
0.154387	1400
0.154387	1400
0.154387	1400
0.154387	1400
0.154387	1400
0.154387	1400
0.154387	1400
0.154387	1400
0.154387	1400
0.154387	1400
0.154387	1400
0.154387	1400
0.154387	1400
0.154387	1400
0.154487	1400
0.154487	1400
0.154487	1400
0.154487	1400
0.154487	1400
0.154487	1400
0.154487	1400
0.154487	1400
0.154487	1400
0.154487	1400
0.154487	1400
0.154487	1400
0.154487	1400
0.154487	1400
0.154487	1400
0.154487	1400
0.154487	1400
0.154487	1400
0.154487	1400
0.154487	1400
0.154487	1400
0.154487	1400
0.154487	1400
0.154487	1400
0.154592	1400
0.154592	1400
0.154592	1400
0.154592	1400
0.154592	1400
0.154592	1400
0.154592	1400
0.154592	1400
0.154592	1400
0.154592	1400
0.154592	1400
0.154592	1400
0.154592	1400
0.154592	1400
0.154592	1400
0.154592	1400
0.154592	1400
0.154592	1400
0.154592	1400
0.154592	1400
0.154592	1400
0.154592	1400
0.154592	1400
0.154592	1400
0.154592	1400
0.154592	1400
0.154692	1400
0.154692	1400
0.154692	1400
0.154692	1400
0.154692	1400
0.154692	1400
0.154692	1400
0.154692	1400
0.154692	1400
0.154692	1400
0.154692	1400
0.154692	1400
0.154692	1400
0.154692	1400
0.154692	1400
0.154692	1400
0.154692	1400
0.154692	1400
0.154692	1400
0.154692	1400
0.154692	1400
0.154692	1400
0.154692	1400
0.154692	1400
0.154692	1400
0.154692	1400
0.154792	1400
0.154792	1400
0.154792	1400
0.154792	1400
0.154792	1400
0.154792	1400
0.154792	1400
0.154792	1400
0.154792	1400
0.154792	1400
0.154792	1400
0.154792	1400
0.154792	1400
0.154792	1400
0.154792	1400
0.154792	1400
0.154792	1400
0.154792	1400
0.154792	1400
0.154792	1400
0.154792	1400
0.154792	1400
0.154792	1400
0.154792	1400
0.154792	1400
0.154892	1400
0.154892	1400
0.154892	1400
0.154892	1400
0.154892	1400
0.154892	1400
0.154892	1400
0.154892	1400
0.154892	1400
0.154892	1400
0.154892	1400
0.154892	1400
0.154892	1400
0.154892	1400
0.154892	1400
0.154892	1400
0.154892	1400
0.154892	1400
0.154892	1400
0.154892	1400
0.154892	1400
0.154892	1400
0.154892	1400
0.154892	1400
0.154892	1400
0.154892	1400
0.154992	1400
0.154992	1400
0.154992	1400
0.154992	1400
0.154992	1400
0.154992	1400
0.154992	1400
0.154992	1400
0.154992	1400
0.154992	1400
0.154992	1400
0.154992	1400
0.154992	1400
0.154992	1400
0.154992	1400
0.154992	1400
0.154992	1400
0.154992	1400
0.154992	1400
0.154992	1400
0.154992	1400
0.154992	1400
0.154992	1400
0.154992	1400
0.154992	1400
0.154992	1400
0.155092	1400
0.155092	1400
0.155092	1400
0.155092	1400
0.155092	1400
0.155092	1400
0.155092	1400
0.155092	1400
0.155092	1400
0.155092	1400
0.155092	1400
0.155092	1400
0.155092	1400
0.155092	1400
0.155092	1400
0.155092	1400
0.155092	1400
0.155092	1400
0.155092	1400
0.155092	1400
0.155092	1400
0.155092	1400
0.155092	1400
0.155092	1400
0.155092	1400
0.155108	1400
0.155708	1400
0.155954	1400
0.155954	1400
0.155954	1400
0.155954	1400
0.155954	1400
0.155954	1400
0.155954	1400
0.155954	1400
0.155954	1400
0.155954	1400
0.155954	1400
0.155954	1400
0.155954	1400
0.156696	1400
0.156696	1400
0.156696	1400
0.156696	1400
0.156696	1400
0.156696	1400
0.156696	1400
0.156696	1400
0.156696	1400
0.156696	1400
0.156696	1400
0.156696	1400
0.156696	1400
0.156696	1400
0.156696	1400
0.156696	1400
0.156696	1400
0.156696	1400
0.156696	1400
0.156696	1400
0.156696	1400
0.156696	1400
0.156696	1400
0.156696	1400
0.156696	1400
0.156696	1400
0.156696	1400
0.156896	1400
0.156896	1400
0.156896	1400
0.156896	1400
0.156896	1400
0.156896	1400
0.156896	1400
0.156896	1400
0.156896	1400
0.156896	1400
0.156896	1400
0.156896	1400
0.156896	1400
0.156896	1400
0.156896	1400
0.156896	1400
0.156896	1400
0.156896	1400
0.156896	1400
0.156896	1400
0.156896	1400
0.156896	1400
0.156896	1400
0.156896	1400
0.156896	1400
0.156896	1400
0.156896	1400
0.156967	1400
0.156967	1400
0.156967	1400
0.156967	1400
0.156967	1400
0.156967	1400
0.156967	1400
0.156967	1400
0.156967	1400
0.156967	1400
0.156967	1400
0.156967	1400
0.156967	1400
0.156967	1400
0.156967	1400
0.156967	1400
0.156967	1400
0.156967	1400
0.158696	1400
0.158696	1400
0.158696	1400
0.158696	1400
0.158696	1400
0.158696	1400
0.158696	1400
0.158696	1400
0.158696	1400
0.158696	1400
0.158696	1400
0.158696	1400
0.158696	1400
0.158696	1400
0.158696	1400
0.158696	1400
0.158696	1400
0.158696	1400
0.158696	1400
0.158696	1400
0.158696	1400
0.158696	1400
0.158696	1400
0.158696	1400
0.158696	1400
0.158696	1400
0.158796	1400
0.158796	1400
0.158796	1400
0.158796	1400
0.158796	1400
0.158796	1400
0.158796	1400
0.158796	1400
0.158796	1400
0.158796	1400
0.158796	1400
0.158796	1400
0.158796	1400
0.158796	1400
0.158796	1400
0.158796	1400
0.158796	1400
0.158796	1400
0.158796	1400
0.158796	1400
0.158796	1400
0.158796	1400
0.158796	1400
0.158796	1400
0.158796	1400
0.158796	1400
0.158796	1400
0.158896	1400
0.158896	1400
0.158896	1400
0.158896	1400
0.158896	1400
0.158896	1400
0.158896	1400
0.158896	1400
0.158896	1400
0.158896	1400
0.158896	1400
0.158896	1400
0.158896	1400
0.158896	1400
0.158896	1400
0.158896	1400
0.158896	1400
0.158896	1400
0.158896	1400
0.158896	1400
0.158896	1400
0.158896	1400
0.158896	1400
0.158896	1400
0.158896	1400
0.158896	1400
0.158896	1400
0.158996	1400
0.158996	1400
0.158996	1400
0.158996	1400
0.158996	1400
0.158996	1400
0.158996	1400
0.158996	1400
0.158996	1400
0.158996	1400
0.158996	1400
0.158996	1400
0.158996	1400
0.158996	1400
0.158996	1400
0.158996	1400
0.158996	1400
0.158996	1400
0.158996	1400
0.158996	1400
0.158996	1400
0.158996	1400
0.158996	1400
0.158996	1400
0.158996	1400
0.158996	1400
0.158996	1400
0.159096	1400
0.159096	1400
0.159096	1400
0.159096	1400
0.159096	1400
0.159096	1400
0.159096	1400
0.159096	1400
0.159096	1400
0.159096	1400
0.159096	1400
0.159096	1400
0.159096	1400
0.159096	1400
0.159096	1400
0.159096	1400
0.159096	1400
0.159096	1400
0.159096	1400
0.159096	1400
0.159096	1400
0.159096	1400
0.159096	1400
0.159096	1400
0.159096	1400
0.159096	1400
0.159096	1400
0.159196	1400
0.159196	1400
0.159196	1400
0.159196	1400
0.159196	1400
0.159196	1400
0.159196	1400
0.159196	1400
0.159196	1400
0.159196	1400
0.159196	1400
0.159196	1400
0.159196	1400
0.159196	1400
0.159196	1400
0.159196	1400
0.159196	1400
0.159196	1400
0.159196	1400
0.159196	1400
0.159196	1400
0.159196	1400
0.159196	1400
0.159196	1400
0.159196	1400
0.159196	1400
0.159196	1400
0.159283	1400
0.159283	1400
0.159283	1400
0.159283	1400
0.159283	1400
0.159283	1400
0.159283	1400
0.159283	1400
0.159283	1400
0.159283	1400
0.159283	1400
0.159283	1400
0.159283	1400
0.159283	1400
0.159283	1400
0.159283	1400
0.159283	1400
0.159283	1400
0.159283	1400
0.159283	1400
0.159283	1400
0.159283	1400
0.159283	1400
0.159379	1400
0.159379	1400
0.159379	1400
0.159379	1400
0.159379	1400
0.159379	1400
0.159379	1400
0.159379	1400
0.159379	1400
0.159379	1400
0.159379	1400
0.159379	1400
0.159379	1400
0.159379	1400
0.159379	1400
0.159379	1400
0.159379	1400
0.159379	1400
0.159379	1400
0.159379	1400
0.159379	1400
0.159379	1400
0.159475	1400
0.159475	1400
0.159475	1400
0.159475	1400
0.159475	1400
0.159475	1400
0.159475	1400
0.159475	1400
0.159475	1400
0.159475	1400
0.159475	1400
0.159475	1400
0.159475	1400
0.159475	1400
0.159475	1400
0.159475	1400
0.159475	1400
0.159475	1400
0.159475	1400
0.159475	1400
0.159475	1400
0.159587	1400
0.159587	1400
0.159587	1400
0.159587	1400
0.159587	1400
0.159587	1400
0.159587	1400
0.159587	1400
0.159587	1400
0.159587	1400
0.159587	1400
0.159587	1400
0.159587	1400
0.159587	1400
0.159587	1400
0.159587	1400
0.159587	1400
0.159587	1400
0.159587	1400
0.159587	1400
0.159587	1400
0.159587	1400
0.159587	1400
0.159587	1400
0.159587	1400
0.159692	1400
0.159692	1400
0.159692	1400
0.159692	1400
0.159692	1400
0.159692	1400
0.159692	1400
0.159692	1400
0.159692	1400
0.159692	1400
0.159692	1400
0.159692	1400
0.159692	1400
0.159692	1400
0.159692	1400
0.159692	1400
0.159692	1400
0.159692	1400
0.159692	1400
0.159692	1400
0.159692	1400
0.159692	1400
0.159692	1400
0.159692	1400
0.159692	1400
0.159792	1400
0.159792	1400
0.159792	1400
0.159792	1400
0.159792	1400
0.159792	1400
0.159792	1400
0.159792	1400
0.159792	1400
0.159792	1400
0.159792	1400
0.159792	1400
0.159792	1400
0.159792	1400
0.159792	1400
0.159792	1400
0.159792	1400
0.159792	1400
0.159792	1400
0.159792	1400
0.159792	1400
0.159792	1400
0.159792	1400
0.159792	1400
0.159792	1400
0.159792	1400
0.159892	1400
0.159892	1400
0.159892	1400
0.159892	1400
0.159892	1400
0.159892	1400
0.159892	1400
0.159892	1400
0.159892	1400
0.159892	1400
0.159892	1400
0.159892	1400
0.159892	1400
0.159892	1400
0.159892	1400
0.159892	1400
0.159892	1400
0.159892	1400
0.159892	1400
0.159892	1400
0.159892	1400
0.159892	1400
0.159892	1400
0.159892	1400
0.159892	1400
0.159892	1400
0.159992	1400
0.159992	1400
0.159992	1400
0.159992	1400
0.159992	1400
0.159992	1400
0.159992	1400
0.159992	1400
0.159992	1400
0.159992	1400
0.159992	1400
0.159992	1400
0.159992	1400
0.159992	1400
0.159992	1400
0.159992	1400
0.159992	1400
0.159992	1400
0.159992	1400
0.159992	1400
0.159992	1400
0.159992	1400
0.159992	1400
0.159992	1400
0.159992	1400
0.160092	1400
0.160092	1400
0.160092	1400
0.160092	1400
0.160092	1400
0.160092	1400
0.160092	1400
0.160092	1400
0.160092	1400
0.160092	1400
0.160092	1400
0.160092	1400
0.160092	1400
0.160092	1400
0.160092	1400
0.160092	1400
0.160092	1400
0.160092	1400
0.160092	1400
0.160092	1400
0.160092	1400
0.160092	1400
0.160092	1400
0.160092	1400
0.160092	1400
0.160092	1400
0.160192	1400
0.160192	1400
0.160192	1400
0.160192	1400
0.160192	1400
0.160192	1400
0.160192	1400
0.160192	1400
0.160192	1400
0.160192	1400
0.160192	1400
0.160192	1400
0.160192	1400
0.160192	1400
0.160192	1400
0.160192	1400
0.160192	1400
0.160192	1400
0.160192	1400
0.160192	1400
0.160192	1400
0.160192	1400
0.160192	1400
0.160192	1400
0.160192	1400
0.160192	1400
0.160292	1400
0.160292	1400
0.160292	1400
0.160292	1400
0.160292	1400
0.160292	1400
0.160292	1400
0.160292	1400
0.160292	1400
0.160292	1400
0.160292	1400
0.160292	1400
0.160292	1400
0.160292	1400
0.160292	1400
0.160292	1400
0.160292	1400
0.160292	1400
0.160292	1400
0.160292	1400
0.160292	1400
0.160292	1400
0.160292	1400
0.160292	1400
0.160292	1400
0.160392	1400
0.160392	1400
0.160392	1400
0.160392	1400
0.160392	1400
0.160392	1400
0.160392	1400
0.160392	1400
0.160392	1400
0.160392	1400
0.160392	1400
0.160392	1400
0.160392	1400
0.160392	1400
0.160392	1400
0.160392	1400
0.160392	1400
0.160392	1400
0.160392	1400
0.160392	1400
0.160392	1400
0.160392	1400
0.160392	1400
0.160392	1400
0.160392	1400
0.160392	1400
0.160487	1400
0.160487	1400
0.160487	1400
0.160487	1400
0.160487	1400
0.160487	1400
0.160487	1400
0.160487	1400
0.160487	1400
0.160487	1400
0.160487	1400
0.160487	1400
0.160487	1400
0.160487	1400
0.160487	1400
0.160487	1400
0.160487	1400
0.160487	1400
0.160487	1400
0.160487	1400
0.160487	1400
0.160487	1400
0.160487	1400
0.160487	1400
0.160487	1400
0.160587	1400
0.160587	1400
0.160587	1400
0.160587	1400
0.160587	1400
0.160587	1400
0.160587	1400
0.160587	1400
0.160587	1400
0.160587	1400
0.160587	1400
0.160587	1400
0.160587	1400
0.160587	1400
0.160587	1400
0.160587	1400
0.160587	1400
0.160587	1400
0.160587	1400
0.160587	1400
0.160587	1400
0.160587	1400
0.160587	1400
0.160587	1400
0.160692	1400
0.160692	1400
0.160692	1400
0.160692	1400
0.160692	1400
0.160692	1400
0.160692	1400
0.160692	1400
0.160692	1400
0.160692	1400
0.160692	1400
0.160692	1400
0.160692	1400
0.160692	1400
0.160692	1400
0.160692	1400
0.160692	1400
0.160692	1400
0.160692	1400
0.160692	1400
0.160692	1400
0.160692	1400
0.160692	1400
0.160692	1400
0.160692	1400
0.160692	1400
0.160892	1400
0.160892	1400
0.160892	1400
0.160892	1400
0.160892	1400
0.160892	1400
0.160892	1400
0.160892	1400
0.160892	1400
0.160892	1400
0.160892	1400
0.160892	1400
0.160892	1400
0.160892	1400
0.160892	1400
0.160892	1400
0.160892	1400
0.160892	1400
0.160892	1400
0.160892	1400
0.160892	1400
0.160892	1400
0.160892	1400
0.160892	1400
0.160892	1400
0.160987	1400
0.160987	1400
0.160987	1400
0.160987	1400
0.160987	1400
0.160987	1400
0.160987	1400
0.160987	1400
0.160987	1400
0.160987	1400
0.160987	1400
0.160987	1400
0.160987	1400
0.160987	1400
0.160987	1400
0.160987	1400
0.160987	1400
0.160987	1400
0.160987	1400
0.160987	1400
0.160987	1400
0.160987	1400
0.160987	1400
0.160987	1400
0.160987	1400
0.161096	1400
0.161096	1400
0.161096	1400
0.161096	1400
0.161096	1400
0.161096	1400
0.161096	1400
0.161096	1400
0.161096	1400
0.161096	1400
0.161096	1400
0.161096	1400
0.161096	1400
0.161096	1400
0.161096	1400
0.161096	1400
0.161096	1400
0.161096	1400
0.161096	1400
0.161096	1400
0.161096	1400
0.161096	1400
0.161096	1400
0.161096	1400
0.161096	1400
0.161096	1400
0.161096	1400
0.161192	1400
0.161192	1400
0.161192	1400
0.161192	1400
0.161192	1400
0.161192	1400
0.161192	1400
0.161192	1400
0.161192	1400
0.161192	1400
0.161192	1400
0.161192	1400
0.161192	1400
0.161192	1400
0.161192	1400
0.161192	1400
0.161192	1400
0.161192	1400
0.161192	1400
0.161192	1400
0.161192	1400
0.161192	1400
0.161192	1400
0.161192	1400
0.161192	1400
0.161192	1400
0.161296	1400
0.161296	1400
0.161296	1400
0.161296	1400
0.161296	1400
0.161296	1400
0.161296	1400
0.161296	1400
0.161296	1400
0.161296	1400
0.161296	1400
0.161296	1400
0.161296	1400
0.161296	1400
0.161296	1400
0.161296	1400
0.161296	1400
0.161296	1400
0.161296	1400
0.161296	1400
0.161296	1400
0.161296	1400
0.161296	1400
0.161296	1400
0.161296	1400
0.161296	1400
0.161396	1400
0.161396	1400
0.161396	1400
0.161396	1400
0.161396	1400
0.161396	1400
0.161396	1400
0.161396	1400
0.161396	1400
0.161396	1400
0.161396	1400
0.161396	1400
0.161396	1400
0.161396	1400
0.161396	1400
0.161396	1400
0.161396	1400
0.161396	1400
0.161396	1400
0.161396	1400
0.161396	1400
0.161396	1400
0.161396	1400
0.161396	1400
0.161396	1400
0.161396	1400
0.161396	1400
0.161487	1400
0.161487	1400
0.161487	1400
0.161487	1400
0.161487	1400
0.161487	1400
0.161487	1400
0.161487	1400
0.161487	1400
0.161487	1400
0.161487	1400
0.161487	1400
0.161487	1400
0.161487	1400
0.161487	1400
0.161487	1400
0.161487	1400
0.161487	1400
0.161487	1400
0.161487	1400
0.161487	1400
0.161487	1400
0.161487	1400
0.161487	1400
0.161487	1400
0.161596	1400
0.161596	1400
0.161596	1400
0.161596	1400
0.161596	1400
0.161596	1400
0.161596	1400
0.161596	1400
0.161596	1400
0.161596	1400
0.161596	1400
0.161596	1400
0.161596	1400
0.161596	1400
0.161596	1400
0.161596	1400
0.161596	1400
0.161596	1400
0.161596	1400
0.161596	1400
0.161596	1400
0.161596	1400
0.161596	1400
0.161596	1400
0.161596	1400
0.161596	1400
0.161596	1400
0.161683	1400
0.161683	1400
0.161683	1400
0.161683	1400
0.161683	1400
0.161683	1400
0.161683	1400
0.161683	1400
0.161683	1400
0.161683	1400
0.161683	1400
0.161683	1400
0.161683	1400
0.161683	1400
0.161683	1400
0.161683	1400
0.161683	1400
0.161683	1400
0.161683	1400
0.161683	1400
0.161683	1400
0.161683	1400
0.161683	1400
0.161883	1400
0.161883	1400
0.161883	1400
0.161883	1400
0.161883	1400
0.161883	1400
0.161883	1400
0.161883	1400
0.161883	1400
0.161883	1400
0.161883	1400
0.161883	1400
0.161883	1400
0.161883	1400
0.161883	1400
0.161883	1400
0.161883	1400
0.161883	1400
0.161883	1400
0.161883	1400
0.161883	1400
0.161883	1400
0.161883	1400
0.161992	1400
0.161992	1400
0.161992	1400
0.161992	1400
0.161992	1400
0.161992	1400
0.161992	1400
0.161992	1400
0.161992	1400
0.161992	1400
0.161992	1400
0.161992	1400
0.161992	1400
0.161992	1400
0.161992	1400
0.161992	1400
0.161992	1400
0.161992	1400
0.161992	1400
0.161992	1400
0.161992	1400
0.161992	1400
0.161992	1400
0.161992	1400
0.161992	1400
0.161992	1400
0.162092	1400
0.162092	1400
0.162092	1400
0.162092	1400
0.162092	1400
0.162092	1400
0.162092	1400
0.162092	1400
0.162092	1400
0.162092	1400
0.162092	1400
0.162092	1400
0.162092	1400
0.162092	1400
0.162092	1400
0.162092	1400
0.162092	1400
0.162092	1400
0.162092	1400
0.162092	1400
0.162092	1400
0.162092	1400
0.162092	1400
0.162092	1400
0.162092	1400
0.162092	1400
0.162192	1400
0.162192	1400
0.162192	1400
0.162192	1400
0.162192	1400
0.162192	1400
0.162192	1400
0.162192	1400
0.162192	1400
0.162192	1400
0.162192	1400
0.162192	1400
0.162192	1400
0.162192	1400
0.162192	1400
0.162192	1400
0.162192	1400
0.162192	1400
0.162192	1400
0.162192	1400
0.162192	1400
0.162192	1400
0.162192	1400
0.162192	1400
0.162192	1400
0.16225	1400
0.16225	1400
0.16225	1400
0.16225	1400
0.16225	1400
0.16225	1400
0.16225	1400
0.16225	1400
0.16225	1400
0.16225	1400
0.16225	1400
0.16225	1400
0.16225	1400
0.162883	1400
0.162883	1400
0.162883	1400
0.162883	1400
0.162883	1400
0.162883	1400
0.162883	1400
0.162883	1400
0.162883	1400
0.162883	1400
0.162883	1400
0.162883	1400
0.162883	1400
0.162883	1400
0.162883	1400
0.162883	1400
0.162883	1400
0.162883	1400
0.162883	1400
0.162883	1400
0.162883	1400
0.162883	1400
0.162883	1400
0.162912	1400
0.163717	1400
0.163717	1400
0.163717	1400
0.163717	1400
0.163996	1400
0.163996	1400
0.163996	1400
0.163996	1400
0.163996	1400
0.163996	1400
0.163996	1400
0.163996	1400
0.163996	1400
0.163996	1400
0.163996	1400
0.163996	1400
0.163996	1400
0.163996	1400
0.163996	1400
0.163996	1400
0.163996	1400
0.163996	1400
0.163996	1400
0.163996	1400
0.163996	1400
0.163996	1400
0.163996	1400
0.163996	1400
0.163996	1400
0.163996	1400
0.164096	1400
0.164096	1400
0.164096	1400
0.164096	1400
0.164096	1400
0.164096	1400
0.164096	1400
0.164096	1400
0.164096	1400
0.164096	1400
0.164096	1400
0.164096	1400
0.164096	1400
0.164096	1400
0.164096	1400
0.164096	1400
0.164096	1400
0.164096	1400
0.164096	1400
0.164096	1400
0.164096	1400
0.164096	1400
0.164096	1400
0.164096	1400
0.164096	1400
0.164096	1400
0.164096	1400
0.164196	1400
0.164196	1400
0.164196	1400
0.164196	1400
0.164196	1400
0.164196	1400
0.164196	1400
0.164196	1400
0.164196	1400
0.164196	1400
0.164196	1400
0.164196	1400
0.164196	1400
0.164196	1400
0.164196	1400
0.164196	1400
0.164196	1400
0.164196	1400
0.164196	1400
0.164196	1400
0.164196	1400
0.164196	1400
0.164196	1400
0.164196	1400
0.164196	1400
0.164196	1400
0.164196	1400
0.164296	1400
0.164296	1400
0.164296	1400
0.164296	1400
0.164296	1400
0.164296	1400
0.164296	1400
0.164296	1400
0.164296	1400
0.164296	1400
0.164296	1400
0.164296	1400
0.164296	1400
0.164296	1400
0.164296	1400
0.164296	1400
0.164296	1400
0.164296	1400
0.164296	1400
0.164296	1400
0.164296	1400
0.164296	1400
0.164296	1400
0.164296	1400
0.164296	1400
0.164296	1400
0.164296	1400
0.164392	1400
0.164392	1400
0.164392	1400
0.164392	1400
0.164392	1400
0.164392	1400
0.164392	1400
0.164392	1400
0.164392	1400
0.164392	1400
0.164392	1400
0.164392	1400
0.164392	1400
0.164392	1400
0.164392	1400
0.164392	1400
0.164392	1400
0.164392	1400
0.164392	1400
0.164392	1400
0.164392	1400
0.164392	1400
0.164392	1400
0.164392	1400
0.164392	1400
0.164392	1400
0.164496	1400
0.164496	1400
0.164496	1400
0.164496	1400
0.164496	1400
0.164496	1400
0.164496	1400
0.164496	1400
0.164496	1400
0.164496	1400
0.164496	1400
0.164496	1400
0.164496	1400
0.164496	1400
0.164496	1400
0.164496	1400
0.164496	1400
0.164496	1400
0.164496	1400
0.164496	1400
0.164496	1400
0.164496	1400
0.164496	1400
0.164496	1400
0.164496	1400
0.164496	1400
0.164496	1400
0.164587	1400
0.164587	1400
0.164587	1400
0.164587	1400
0.164587	1400
0.164587	1400
0.164587	1400
0.164587	1400
0.164587	1400
0.164587	1400
0.164587	1400
0.164587	1400
0.164587	1400
0.164587	1400
0.164587	1400
0.164587	1400
0.164587	1400
0.164587	1400
0.164587	1400
0.164587	1400
0.164587	1400
0.164587	1400
0.164587	1400
0.164587	1400
0.164687	1400
0.164687	1400
0.164687	1400
0.164687	1400
0.164687	1400
0.164687	1400
0.164687	1400
0.164687	1400
0.164687	1400
0.164687	1400
0.164687	1400
0.164687	1400
0.164687	1400
0.164687	1400
0.164687	1400
0.164687	1400
0.164687	1400
0.164687	1400
0.164687	1400
0.164687	1400
0.164687	1400
0.164687	1400
0.164687	1400
0.164687	1400
0.164687	1400
0.164783	1400
0.164783	1400
0.164783	1400
0.164783	1400
0.164783	1400
0.164783	1400
0.164783	1400
0.164783	1400
0.164783	1400
0.164783	1400
0.164783	1400
0.164783	1400
0.164783	1400
0.164783	1400
0.164783	1400
0.164783	1400
0.164783	1400
0.164783	1400
0.164783	1400
0.164783	1400
0.164783	1400
0.164783	1400
0.164783	1400
0.164992	1400
0.164992	1400
0.164992	1400
0.164992	1400
0.164992	1400
0.164992	1400
0.164992	1400
0.164992	1400
0.164992	1400
0.164992	1400
0.164992	1400
0.164992	1400
0.164992	1400
0.164992	1400
0.164992	1400
0.164992	1400
0.164992	1400
0.164992	1400
0.164992	1400
0.164992	1400
0.164992	1400
0.164992	1400
0.164992	1400
0.164992	1400
0.164992	1400
0.164992	1400
0.165092	1400
0.165092	1400
0.165092	1400
0.165092	1400
0.165092	1400
0.165092	1400
0.165092	1400
0.165092	1400
0.165092	1400
0.165092	1400
0.165092	1400
0.165092	1400
0.165092	1400
0.165092	1400
0.165092	1400
0.165092	1400
0.165092	1400
0.165092	1400
0.165092	1400
0.165092	1400
0.165092	1400
0.165092	1400
0.165092	1400
0.165092	1400
0.165092	1400
0.165192	1400
0.165192	1400
0.165192	1400
0.165192	1400
0.165192	1400
0.165192	1400
0.165192	1400
0.165192	1400
0.165192	1400
0.165192	1400
0.165192	1400
0.165192	1400
0.165192	1400
0.165192	1400
0.165192	1400
0.165192	1400
0.165192	1400
0.165192	1400
0.165192	1400
0.165192	1400
0.165192	1400
0.165192	1400
0.165192	1400
0.165192	1400
0.165192	1400
0.165192	1400
0.165292	1400
0.165292	1400
0.165292	1400
0.165292	1400
0.165292	1400
0.165292	1400
0.165292	1400
0.165292	1400
0.165292	1400
0.165292	1400
0.165292	1400
0.165292	1400
0.165292	1400
0.165292	1400
0.165292	1400
0.165292	1400
0.165292	1400
0.165292	1400
0.165292	1400
0.165292	1400
0.165292	1400
0.165292	1400
0.165292	1400
0.165292	1400
0.165292	1400
0.165292	1400
0.165396	1400
0.165396	1400
0.165396	1400
0.165396	1400
0.165396	1400
0.165396	1400
0.165396	1400
0.165396	1400
0.165396	1400
0.165396	1400
0.165396	1400
0.165396	1400
0.165396	1400
0.165396	1400
0.165396	1400
0.165396	1400
0.165396	1400
0.165396	1400
0.165396	1400
0.165396	1400
0.165396	1400
0.165396	1400
0.165396	1400
0.165396	1400
0.165396	1400
0.165396	1400
0.165396	1400
0.165492	1400
0.165492	1400
0.165492	1400
0.165492	1400
0.165492	1400
0.165492	1400
0.165492	1400
0.165492	1400
0.165492	1400
0.165492	1400
0.165492	1400
0.165492	1400
0.165492	1400
0.165492	1400
0.165492	1400
0.165492	1400
0.165492	1400
0.165492	1400
0.165492	1400
0.165492	1400
0.165492	1400
0.165492	1400
0.165492	1400
0.165492	1400
0.165492	1400
0.165587	1400
0.165587	1400
0.165587	1400
0.165587	1400
0.165587	1400
0.165587	1400
0.165587	1400
0.165587	1400
0.165587	1400
0.165587	1400
0.165587	1400
0.165587	1400
0.165587	1400
0.165587	1400
0.165587	1400
0.165587	1400
0.165587	1400
0.165587	1400
0.165587	1400
0.165587	1400
0.165587	1400
0.165587	1400
0.165587	1400
0.165587	1400
0.165587	1400
0.165696	1400
0.165696	1400
0.165696	1400
0.165696	1400
0.165696	1400
0.165696	1400
0.165696	1400
0.165696	1400
0.165696	1400
0.165696	1400
0.165696	1400
0.165696	1400
0.165696	1400
0.165696	1400
0.165696	1400
0.165696	1400
0.165696	1400
0.165696	1400
0.165696	1400
0.165696	1400
0.165696	1400
0.165696	1400
0.165696	1400
0.165696	1400
0.165696	1400
0.165696	1400
0.165696	1400
0.165783	1400
0.165783	1400
0.165783	1400
0.165783	1400
0.165783	1400
0.165783	1400
0.165783	1400
0.165783	1400
0.165783	1400
0.165783	1400
0.165783	1400
0.165783	1400
0.165783	1400
0.165783	1400
0.165783	1400
0.165783	1400
0.165783	1400
0.165783	1400
0.165783	1400
0.165783	1400
0.165783	1400
0.165783	1400
0.165783	1400
0.165979	1400
0.165979	1400
0.165979	1400
0.165979	1400
0.165979	1400
0.165979	1400
0.165979	1400
0.165979	1400
0.165979	1400
0.165979	1400
0.165979	1400
0.165979	1400
0.165979	1400
0.165979	1400
0.165979	1400
0.165979	1400
0.165979	1400
0.165979	1400
0.165979	1400
0.165979	1400
0.165979	1400
0.165979	1400
0.166092	1400
0.166092	1400
0.166092	1400
0.166092	1400
0.166092	1400
0.166092	1400
0.166092	1400
0.166092	1400
0.166092	1400
0.166092	1400
0.166092	1400
0.166092	1400
0.166092	1400
0.166092	1400
0.166092	1400
0.166092	1400
0.166092	1400
0.166092	1400
0.166092	1400
0.166092	1400
0.166092	1400
0.166092	1400
0.166092	1400
0.166092	1400
0.166092	1400
0.166092	1400
0.166187	1400
0.166187	1400
0.166187	1400
0.166187	1400
0.166187	1400
0.166187	1400
0.166187	1400
0.166187	1400
0.166187	1400
0.166187	1400
0.166187	1400
0.166187	1400
0.166187	1400
0.166187	1400
0.166187	1400
0.166187	1400
0.166187	1400
0.166187	1400
0.166187	1400
0.166187	1400
0.166187	1400
0.166187	1400
0.166187	1400
0.166187	1400
0.166292	1400
0.166292	1400
0.166292	1400
0.166292	1400
0.166292	1400
0.166292	1400
0.166292	1400
0.166292	1400
0.166292	1400
0.166292	1400
0.166292	1400
0.166292	1400
0.166292	1400
0.166292	1400
0.166292	1400
0.166292	1400
0.166292	1400
0.166292	1400
0.166292	1400
0.166292	1400
0.166292	1400
0.166292	1400
0.166292	1400
0.166292	1400
0.166292	1400
0.166292	1400
0.166392	1400
0.166392	1400
0.166392	1400
0.166392	1400
0.166392	1400
0.166392	1400
0.166392	1400
0.166392	1400
0.166392	1400
0.166392	1400
0.166392	1400
0.166392	1400
0.166392	1400
0.166392	1400
0.166392	1400
0.166392	1400
0.166392	1400
0.166392	1400
0.166392	1400
0.166392	1400
0.166392	1400
0.166392	1400
0.166392	1400
0.166392	1400
0.166392	1400
0.166392	1400
0.166492	1400
0.166492	1400
0.166492	1400
0.166492	1400
0.166492	1400
0.166492	1400
0.166492	1400
0.166492	1400
0.166492	1400
0.166492	1400
0.166492	1400
0.166492	1400
0.166492	1400
0.166492	1400
0.166492	1400
0.166492	1400
0.166492	1400
0.166492	1400
0.166492	1400
0.166492	1400
0.166492	1400
0.166492	1400
0.166492	1400
0.166492	1400
0.166492	1400
0.166592	1400
0.166592	1400
0.166592	1400
0.166592	1400
0.166592	1400
0.166592	1400
0.166592	1400
0.166592	1400
0.166592	1400
0.166592	1400
0.166592	1400
0.166592	1400
0.166592	1400
0.166592	1400
0.166592	1400
0.166592	1400
0.166592	1400
0.166592	1400
0.166592	1400
0.166592	1400
0.166592	1400
0.166592	1400
0.166592	1400
0.166592	1400
0.166592	1400
0.166592	1400
0.166692	1400
0.166692	1400
0.166692	1400
0.166692	1400
0.166692	1400
0.166692	1400
0.166692	1400
0.166692	1400
0.166692	1400
0.166692	1400
0.166692	1400
0.166692	1400
0.166692	1400
0.166692	1400
0.166692	1400
0.166692	1400
0.166692	1400
0.166692	1400
0.166692	1400
0.166692	1400
0.166692	1400
0.166692	1400
0.166692	1400
0.166692	1400
0.166692	1400
0.166692	1400
0.166787	1400
0.166787	1400
0.166787	1400
0.166787	1400
0.166787	1400
0.166787	1400
0.166787	1400
0.166787	1400
0.166787	1400
0.166787	1400
0.166787	1400
0.166787	1400
0.166787	1400
0.166787	1400
0.166787	1400
0.166787	1400
0.166787	1400
0.166787	1400
0.166787	1400
0.166787	1400
0.166787	1400
0.166787	1400
0.166787	1400
0.166787	1400
0.166992	1400
0.166992	1400
0.166992	1400
0.166992	1400
0.166992	1400
0.166992	1400
0.166992	1400
0.166992	1400
0.166992	1400
0.166992	1400
0.166992	1400
0.166992	1400
0.166992	1400
0.166992	1400
0.166992	1400
0.166992	1400
0.166992	1400
0.166992	1400
0.166992	1400
0.166992	1400
0.166992	1400
0.166992	1400
0.166992	1400
0.166992	1400
0.166992	1400
0.166992	1400
0.167096	1400
0.167096	1400
0.167096	1400
0.167096	1400
0.167096	1400
0.167096	1400
0.167096	1400
0.167096	1400
0.167096	1400
0.167096	1400
0.167096	1400
0.167096	1400
0.167096	1400
0.167096	1400
0.167096	1400
0.167096	1400
0.167096	1400
0.167096	1400
0.167096	1400
0.167096	1400
0.167096	1400
0.167096	1400
0.167096	1400
0.167096	1400
0.167096	1400
0.167096	1400
0.167096	1400
0.167192	1400
0.167192	1400
0.167192	1400
0.167192	1400
0.167192	1400
0.167192	1400
0.167192	1400
0.167192	1400
0.167192	1400
0.167192	1400
0.167192	1400
0.167192	1400
0.167192	1400
0.167192	1400
0.167192	1400
0.167192	1400
0.167192	1400
0.167192	1400
0.167192	1400
0.167192	1400
0.167192	1400
0.167192	1400
0.167192	1400
0.167192	1400
0.167192	1400
0.167287	1400
0.167287	1400
0.167287	1400
0.167287	1400
0.167287	1400
0.167287	1400
0.167287	1400
0.167287	1400
0.167287	1400
0.167287	1400
0.167287	1400
0.167287	1400
0.167287	1400
0.167287	1400
0.167287	1400
0.167287	1400
0.167287	1400
0.167287	1400
0.167287	1400
0.167287	1400
0.167287	1400
0.167287	1400
0.167287	1400
0.167287	1400
0.167287	1400
0.167396	1400
0.167396	1400
0.167396	1400
0.167396	1400
0.167396	1400
0.167396	1400
0.167396	1400
0.167396	1400
0.167396	1400
0.167396	1400
0.167396	1400
0.167396	1400
0.167396	1400
0.167396	1400
0.167396	1400
0.167396	1400
0.167396	1400
0.167396	1400
0.167396	1400
0.167396	1400
0.167396	1400
0.167396	1400
0.167396	1400
0.167396	1400
0.167396	1400
0.167396	1400
0.167396	1400
0.167492	1400
0.167492	1400
0.167492	1400
0.167492	1400
0.167492	1400
0.167492	1400
0.167492	1400
0.167492	1400
0.167492	1400
0.167492	1400
0.167492	1400
0.167492	1400
0.167492	1400
0.167492	1400
0.167492	1400
0.167492	1400
0.167492	1400
0.167492	1400
0.167492	1400
0.167492	1400
0.167492	1400
0.167492	1400
0.167492	1400
0.167492	1400
0.167492	1400
0.167492	1400
0.167596	1400
0.167596	1400
0.167596	1400
0.167596	1400
0.167596	1400
0.167596	1400
0.167596	1400
0.167596	1400
0.167596	1400
0.167596	1400
0.167596	1400
0.167596	1400
0.167596	1400
0.167596	1400
0.167596	1400
0.167596	1400
0.167596	1400
0.167596	1400
0.167596	1400
0.167596	1400
0.167596	1400
0.167596	1400
0.167596	1400
0.167596	1400
0.167596	1400
0.167596	1400
0.167687	1400
0.167687	1400
0.167687	1400
0.167687	1400
0.167687	1400
0.167687	1400
0.167687	1400
0.167687	1400
0.167687	1400
0.167687	1400
0.167687	1400
0.167687	1400
0.167687	1400
0.167687	1400
0.167687	1400
0.167687	1400
0.167687	1400
0.167687	1400
0.167687	1400
0.167687	1400
0.167687	1400
0.167687	1400
0.167687	1400
0.167687	1400
0.167687	1400
0.167783	1400
0.167783	1400
0.167783	1400
0.167783	1400
0.167783	1400
0.167783	1400
0.167783	1400
0.167783	1400
0.167783	1400
0.167783	1400
0.167783	1400
0.167783	1400
0.167783	1400
0.167783	1400
0.167783	1400
0.167783	1400
0.167783	1400
0.167783	1400
0.167783	1400
0.167783	1400
0.167783	1400
0.167783	1400
0.167783	1400
0.167987	1400
0.167987	1400
0.167987	1400
0.167987	1400
0.167987	1400
0.167987	1400
0.167987	1400
0.167987	1400
0.167987	1400
0.167987	1400
0.167987	1400
0.167987	1400
0.167987	1400
0.167987	1400
0.167987	1400
0.167987	1400
0.167987	1400
0.167987	1400
0.167987	1400
0.167987	1400
0.167987	1400
0.167987	1400
0.167987	1400
0.167987	1400
0.167987	1400
0.168092	1400
0.168092	1400
0.168092	1400
0.168092	1400
0.168092	1400
0.168092	1400
0.168092	1400
0.168092	1400
0.168092	1400
0.168092	1400
0.168092	1400
0.168092	1400
0.168092	1400
0.168092	1400
0.168092	1400
0.168092	1400
0.168092	1400
0.168092	1400
0.168092	1400
0.168092	1400
0.168092	1400
0.168092	1400
0.168092	1400
0.168092	1400
0.168092	1400
0.168187	1400
0.168187	1400
0.168187	1400
0.168187	1400
0.168187	1400
0.168187	1400
0.168187	1400
0.168187	1400
0.168187	1400
0.168187	1400
0.168187	1400
0.168187	1400
0.168187	1400
0.168187	1400
0.168187	1400
0.168187	1400
0.168187	1400
0.168187	1400
0.168187	1400
0.168187	1400
0.168187	1400
0.168187	1400
0.168187	1400
0.168187	1400
0.168187	1400
0.168292	1400
0.168292	1400
0.168292	1400
0.168292	1400
0.168292	1400
0.168292	1400
0.168292	1400
0.168292	1400
0.168292	1400
0.168292	1400
0.168292	1400
0.168292	1400
0.168292	1400
0.168292	1400
0.168292	1400
0.168292	1400
0.168292	1400
0.168292	1400
0.168292	1400
0.168292	1400
0.168292	1400
0.168292	1400
0.168292	1400
0.168292	1400
0.168292	1400
0.168292	1400
0.168396	1400
0.168396	1400
0.168396	1400
0.168396	1400
0.168396	1400
0.168396	1400
0.168396	1400
0.168396	1400
0.168396	1400
0.168396	1400
0.168396	1400
0.168396	1400
0.168396	1400
0.168396	1400
0.168396	1400
0.168396	1400
0.168396	1400
0.168396	1400
0.168396	1400
0.168396	1400
0.168396	1400
0.168396	1400
0.168396	1400
0.168396	1400
0.168396	1400
0.168396	1400
0.168492	1400
0.168492	1400
0.168492	1400
0.168492	1400
0.168492	1400
0.168492	1400
0.168492	1400
0.168492	1400
0.168492	1400
0.168492	1400
0.168492	1400
0.168492	1400
0.168492	1400
0.168492	1400
0.168492	1400
0.168492	1400
0.168492	1400
0.168492	1400
0.168492	1400
0.168492	1400
0.168492	1400
0.168492	1400
0.168492	1400
0.168492	1400
0.168492	1400
0.168492	1400
0.168587	1400
0.168587	1400
0.168587	1400
0.168587	1400
0.168587	1400
0.168587	1400
0.168587	1400
0.168587	1400
0.168587	1400
0.168587	1400
0.168587	1400
0.168587	1400
0.168587	1400
0.168587	1400
0.168587	1400
0.168587	1400
0.168587	1400
0.168587	1400
0.168587	1400
0.168587	1400
0.168587	1400
0.168587	1400
0.168587	1400
0.168587	1400
0.168587	1400
0.168696	1400
0.168696	1400
0.168696	1400
0.168696	1400
0.168696	1400
0.168696	1400
0.168696	1400
0.168696	1400
0.168696	1400
0.168696	1400
0.168696	1400
0.168696	1400
0.168696	1400
0.168696	1400
0.168696	1400
0.168696	1400
0.168696	1400
0.168696	1400
0.168696	1400
0.168696	1400
0.168696	1400
0.168696	1400
0.168696	1400
0.168696	1400
0.168696	1400
0.168696	1400
0.168696	1400
0.168792	1400
0.168792	1400
0.168792	1400
0.168792	1400
0.168792	1400
0.168792	1400
0.168792	1400
0.168792	1400
0.168792	1400
0.168792	1400
0.168792	1400
0.168792	1400
0.168792	1400
0.168792	1400
0.168792	1400
0.168792	1400
0.168792	1400
0.168792	1400
0.168792	1400
0.168792	1400
0.168792	1400
0.168792	1400
0.168792	1400
0.168792	1400
0.168792	1400
0.168987	1400
0.168987	1400
0.168987	1400
0.168987	1400
0.168987	1400
0.168987	1400
0.168987	1400
0.168987	1400
0.168987	1400
0.168987	1400
0.168987	1400
0.168987	1400
0.168987	1400
0.168987	1400
0.168987	1400
0.168987	1400
0.168987	1400
0.168987	1400
0.168987	1400
0.168987	1400
0.168987	1400
0.168987	1400
0.168987	1400
0.168987	1400
0.168987	1400
0.169083	1400
0.169083	1400
0.169083	1400
0.169083	1400
0.169083	1400
0.169083	1400
0.169083	1400
0.169083	1400
0.169083	1400
0.169083	1400
0.169083	1400
0.169083	1400
0.169083	1400
0.169083	1400
0.169083	1400
0.169083	1400
0.169083	1400
0.169083	1400
0.169083	1400
0.169083	1400
0.169083	1400
0.169083	1400
0.169083	1400
0.169196	1400
0.169196	1400
0.169196	1400
0.169196	1400
0.169196	1400
0.169196	1400
0.169196	1400
0.169196	1400
0.169196	1400
0.169196	1400
0.177383	1400
0.177383	1400
0.177383	1400
0.177383	1400
0.177383	1400
0.177383	1400
0.177383	1400
0.177383	1400
0.177383	1400
0.177383	1400
0.177383	1400
0.177496	1400
0.177496	1400
0.177496	1400
0.177496	1400
0.177496	1400
0.177496	1400
0.177496	1400
0.177496	1400
0.177496	1400
0.177496	1400
0.177496	1400
0.177496	1400
0.177496	1400
0.177496	37800
0.177496	1400
0.177496	1400
0.177496	1400
0.177496	1400
0.177496	1400
0.177496	1400
0.177496	1400
0.177496	1400
0.177496	1400
0.177496	1400
0.177496	1400
0.177496	1400
0.177496	1400
0.177587	1400
0.177587	1400
0.177587	35000
0.177587	1400
0.177587	1400
0.177587	1400
0.177587	1400
0.177587	1400
0.177587	1400
0.177587	1400
0.177587	1400
0.177587	1400
0.177587	1400
0.177587	1400
0.177587	1400
0.177587	1400
0.177587	1400
0.177587	1400
0.177587	1400
0.177587	1400
0.177587	1400
0.177587	1400
0.177587	1400
0.177587	1400
0.177587	1400
0.177683	1400
0.177683	1400
0.177683	1400
0.177683	1400
0.177683	1400
0.177683	1400
0.177683	1400
0.177683	1400
0.177683	1400
0.177683	1400
0.177683	1400
0.177683	1400
0.177683	1400
0.177683	1400
0.177683	1400
0.177683	1400
0.177683	1400
0.177683	1400
0.177683	1400
0.177683	1400
0.177683	1400
0.177683	1400
0.177683	1400
0.177796	1400
0.177796	1400
0.177796	1400
0.177796	1400
0.177796	1400
0.177796	1400
0.177796	1400
0.177796	1400
0.177796	1400
0.177796	1400
0.177796	1400
0.177796	1400
0.177796	1400
0.177796	1400
0.177796	37800
0.177796	1400
0.177796	1400
0.177796	1400
0.177796	1400
0.177796	1400
0.177796	1400
0.177796	1400
0.177796	1400
0.177796	1400
0.177796	1400
0.177796	1400
0.177796	1400
0.177996	1400
0.177996	1400
0.177996	1400
0.177996	1400
0.177996	1400
0.177996	1400
0.177996	1400
0.177996	1400
0.177996	1400
0.177996	1400
0.177996	1400
0.177996	1400
0.177996	1400
0.177996	1400
0.177996	1400
0.177996	1400
0.177996	1400
0.177996	1400
0.177996	1400
0.177996	1400
0.177996	1400
0.177996	1400
0.177996	1400
0.177996	1400
0.177996	1400
0.177996	1400
0.177996	1400
0.178083	1400
0.178083	1400
0.178083	1400
0.178083	1400
0.178083	1400
0.178083	1400
0.178083	1400
0.178083	1400
0.178083	1400
0.178083	1400
0.178083	1400
0.178083	1400
0.178083	1400
0.178083	1400
0.178083	1400
0.178083	1400
0.178083	1400
0.178083	37800
0.178083	1400
0.178083	1400
0.178083	1400
0.178083	1400
0.178083	1400
0.178175	1400
0.178175	1400
0.178175	1400
0.178175	1400
0.178175	1400
0.178175	1400
0.178175	1400
0.178175	1400
0.178175	1400
0.178175	1400
0.178175	1400
0.178175	1400
0.178175	1400
0.178175	1400
0.178175	1400
0.178175	1400
0.178175	1400
0.178175	1400
0.178175	1400
0.178175	1400
0.178175	1400
0.178296	1400
0.178296	1400
0.178296	1400
0.178296	1400
0.178296	1400
0.178296	1400
0.178296	1400
0.178296	1400
0.178296	1400
0.178296	1400
0.178296	1400
0.178296	1400
0.178296	1400
0.178296	1400
0.178296	1400
0.178296	1400
0.178296	36400
0.178296	1400
0.178296	1400
0.178296	1400
0.178296	1400
0.178296	1400
0.178296	1400
0.178296	1400
0.178296	1400
0.178296	1400
0.178296	1400
0.178383	1400
0.178383	1400
0.178383	1400
0.178383	1400
0.178383	1400
0.178383	1400
0.178383	1400
0.178383	1400
0.178383	1400
0.178383	1400
0.178383	1400
0.178383	1400
0.178383	1400
0.178383	1400
0.178383	1400
0.178383	1400
0.178383	1400
0.178383	1400
0.178383	37800
0.178383	1400
0.178383	1400
0.178383	1400
0.178383	1400
0.178496	1400
0.178496	1400
0.178496	1400
0.178496	1400
0.178496	1400
0.178496	1400
0.178496	1400
0.178496	1400
0.178496	1400
0.178496	1400
0.178496	1400
0.178496	1400
0.178496	71400
0.178496	1400
0.178496	1400
0.178496	1400
0.178496	1400
0.178496	1400
0.178496	1400
0.178496	1400
0.178496	1400
0.178496	1400
0.178496	1400
0.178496	1400
0.178496	75600
0.178496	1400
0.178496	1400
0.178587	1400
0.178587	1400
0.178587	1400
0.178587	1400
0.178587	1400
0.178587	1400
0.178587	1400
0.178587	1400
0.178587	1400
0.178587	1400
0.178587	1400
0.178587	1400
0.178587	1400
0.178587	1400
0.178587	1400
0.178587	1400
0.178587	1400
0.178587	37800
0.178587	1400
0.178587	1400
0.178587	1400
0.178587	1400
0.178587	1400
0.178587	1400
0.178683	1400
0.178683	1400
0.178683	1400
0.178683	1400
0.178683	1400
0.178683	1400
0.178683	1400
0.178683	1400
0.178683	1400
0.178683	1400
0.178683	1400
0.178683	1400
0.178683	1400
0.178683	1400
0.178683	1400
0.178683	1400
0.178683	1400
0.178683	1400
0.178683	1400
0.178683	1400
0.178683	1400
0.178683	1400
0.178683	1400
0.178683	1400
0.178796	1400
0.178796	1400
0.178796	1400
0.178796	1400
0.178796	1400
0.178796	1400
0.178796	1400
0.178796	1400
0.178796	1400
0.178796	1400
0.178796	1400
0.178796	1400
0.178796	1400
0.178796	1400
0.178796	1400
0.178796	1400
0.178796	1400
0.178796	1400
0.178796	1400
0.178796	1400
0.178796	1400
0.178796	1400
0.178796	1400
0.178796	1400
0.178796	1400
0.178796	1400
0.178796	1023400
0.179587	1400
0.179587	1400
0.179587	1400
0.179587	1400
0.179587	1400
0.179587	1400
0.179587	1400
0.179587	1400
0.179587	1400
0.179587	1400
0.179587	1400
0.179587	1400
0.179587	1400
0.179587	1400
0.179683	1400
0.179683	1400
0.179683	1400
0.179683	1400
0.179683	1400
0.179683	1400
0.179683	1400
0.179683	1400
0.179683	1400
0.179683	1400
0.179683	1400
0.179683	1400
0.179683	1400
0.179683	1400
0.179683	1400
0.179683	39200
0.179796	1400
0.179796	1400
0.179796	1400
0.179796	1400
0.179796	1400
0.179796	1400
0.179796	1400
0.179996	1400
0.179996	1400
0.179996	1400
0.179996	1400
0.179996	1400
0.179996	1400
0.179996	1400
0.179996	1400
0.179996	1400
0.179996	1400
0.179996	1400
0.179996	1400
0.179996	1400
0.179996	1400
0.179996	1400
0.179996	1400
0.179996	1400
0.179996	1400
0.179996	1400
0.179996	1400
0.179996	1400
0.179996	1400
0.179996	1400
0.179996	1400
0.179996	1400
0.179996	1400
0.179996	1400
0.180083	1400
0.180083	1400
0.180083	1400
0.180083	1400
0.180083	1400
0.180083	1400
0.180083	1400
0.180083	1400
0.180083	1400
0.180083	1400
0.180083	1400
0.180083	1400
0.180083	1400
0.180083	1400
0.180083	1400
0.180083	1400
0.180083	1400
0.180083	1400
0.180083	1400
0.180083	1400
0.180083	1400
0.180083	1400
0.180083	35000
0.180296	1400
0.180296	1400
0.180296	1400
0.180296	1400
0.180296	1400
0.180296	1400
0.180296	1400
0.180296	1400
0.180296	1400
0.180296	1400
0.180296	1400
0.180296	1400
0.180296	1400
0.180296	1400
0.180296	1400
0.180296	1400
0.180296	1400
0.180296	1400
0.180296	1400
0.180296	1400
0.180296	1400
0.180296	1400
0.180296	1400
0.180296	1400
0.180383	1400
0.180383	1400
0.180383	1400
0.180383	1400
0.180383	1400
0.180383	1400
0.180383	1400
0.180383	1400
0.180383	1400
0.180383	1400
0.180383	1400
0.180383	1400
0.180383	1400
0.180383	1400
0.180383	1400
0.180383	1400
0.180383	1400
0.180383	1400
0.180383	1400
0.180383	1400
0.180383	1400
0.180383	1400
0.180383	1400
0.180496	1400
0.180496	1400
0.180496	1400
0.180496	1400
0.180496	1400
0.180496	1400
0.180496	1400
0.180496	1400
0.180496	1400
0.180496	1400
0.180496	1400
0.180496	1400
0.180496	35000
0.180587	1400
0.180587	1400
0.180587	1400
0.180587	1400
0.180587	1400
0.180587	1400
0.180587	1400
0.180587	1400
0.180587	1400
0.180587	1400
0.180587	1400
0.180587	1400
0.180587	1400
0.180587	1400
0.180587	1400
0.180683	1400
0.180683	1400
0.180683	1400
0.180683	1400
0.180683	1400
0.180683	1400
0.180683	1400
0.180683	1400
0.180683	1400
0.180683	1400
0.180683	1400
0.180683	1400
0.180683	1400
0.180683	1400
0.180683	1400
0.180683	1400
0.180683	1400
0.180683	1400
0.180683	1400
0.180683	1400
0.180683	39200
0.180796	1400
0.180796	1400
0.180996	1400
0.180996	1400
0.180996	1400
0.180996	1400
0.180996	1400
0.180996	1400
0.180996	1400
0.180996	1400
0.180996	1400
0.180996	1400
0.180996	1400
0.180996	1400
0.180996	1400
0.180996	1400
0.180996	1400
0.180996	1400
0.180996	1400
0.180996	39200
0.181083	1400
0.181083	1400
0.181083	1400
0.181083	1400
0.181083	1400
0.181175	1400
0.181175	1400
0.181175	1400
0.181175	1400
0.181175	1400
0.181175	1400
0.181175	1400
0.181175	1400
0.181175	1400
0.181175	1400
0.181175	1400
0.181175	1400
0.181175	1400
0.181175	1400
0.181175	1400
0.181175	1400
0.181175	65800
0.181383	1400
0.181383	1400
0.181383	1400
0.181383	1400
0.181383	1400
0.181383	1400
0.181383	1400
0.181383	1400
0.181496	1400
0.181496	1400
0.181496	1400
0.181496	1400
0.181496	1400
0.181496	1400
0.181496	1400
0.181496	1400
0.181496	1400
0.181496	1400
0.181496	39200
0.181587	1400
0.181587	1400
0.181587	1400
0.181587	1400
0.181587	1400
0.181587	1400
0.181587	1400
0.181587	1400
0.181587	1400
0.181587	1400
0.181587	1400
0.181587	1400
0.181587	1400
0.181587	1400
0.181683	1400
0.181683	1400
0.181683	1400
0.181683	1400
0.181683	1400
0.181683	1400
0.181683	1400
0.181683	1400
0.181683	1400
0.181683	1400
0.181683	1400
0.181683	1400
0.181683	1400
0.181683	1400
0.181683	1400
0.181683	1400
0.181683	1400
0.181683	1400
0.181683	1400
0.181683	1400
0.181683	1400
0.181683	1400
0.181683	1400
0.181796	1400
0.181796	1400
0.181796	1400
0.181796	1400
0.181796	1400
0.181796	1400
0.181796	1400
0.181796	1400
0.181796	1400
0.181796	1400
0.181796	1400
0.181796	1400
0.181796	1400
0.181796	1400
0.181796	1400
0.181796	1400
0.181796	1400
0.181796	1400
0.181796	1400
0.181796	35000
0.181996	1400
0.181996	1400
0.181996	1400
0.181996	1400
0.181996	1400
0.181996	1400
0.181996	1400
0.181996	1400
0.181996	1400
0.181996	1400
0.182083	1400
0.182083	1400
0.182083	1400
0.182083	1400
0.182083	1400
0.182083	1400
0.182083	1400
0.182083	1400
0.182083	1400
0.182083	1400
0.182083	1400
0.182083	1400
0.182083	1400
0.182083	1400
0.182083	1400
0.182083	1400
0.182083	1400
0.182083	1400
0.182083	1400
0.182083	1400
0.182083	1400
0.182083	39200
0.182296	1400
0.182296	1400
0.182296	1400
0.182296	1400
0.182296	1400
0.182296	1400
0.182296	1400
0.182296	1400
0.182296	1400
0.182296	1400
0.182296	1400
0.182296	1400
0.182296	1400
0.182296	1400
0.182296	1400
0.182296	1400
0.182296	1400
0.182296	1400
0.182296	1400
0.182296	1400
0.182296	1400
0.182296	68600
0.182496	1400
0.182496	1400
0.182587	1400
0.182587	1400
0.182587	1400
0.182587	1400
0.182587	1400
0.182587	1400
0.182587	1400
0.182587	1400
0.182587	1400
0.182587	1400
0.182587	1400
0.182587	1400
0.182587	1400
0.182587	1400
0.182587	39200
0.182683	1400
0.182683	1400
0.182683	1400
0.182683	1400
0.182683	1400
0.182796	1400
0.182796	1400
0.182796	1400
0.182796	1400
0.182796	1400
0.182796	39200
0.182996	1400
0.182996	1400
0.182996	1400
0.182996	1400
0.182996	1400
0.182996	1400
0.182996	1400
0.182996	1400
0.182996	1400
0.182996	1400
0.182996	1400
0.182996	1400
0.182996	1400
0.182996	1400
0.182996	1400
0.182996	1400
0.182996	1400
0.182996	1400
0.182996	1400
0.182996	1400
0.182996	1400
0.183083	1400
0.183083	1400
0.183083	1400
0.183083	1400
0.183083	1400
0.183083	1400
0.183083	1400
0.183083	1400
0.183083	1400
0.183083	1400
0.183083	63000
0.183296	1400
0.183296	1400
0.183296	1400
0.183296	1400
0.183296	1400
0.183296	1400
0.183296	1400
0.183296	1400
0.183296	1400
0.183296	1400
0.183296	1400
0.183296	1400
0.183296	1400
0.183296	1400
0.183296	1400
0.183296	1400
0.183383	1400
0.183383	1400
0.183383	1400
0.183383	1400
0.183383	1400
0.183383	1400
0.183383	1400
0.183383	1400
0.183383	1400
0.183383	1400
0.183383	1400
0.183383	1400
0.183383	1400
0.183383	1400
0.183383	1400
0.183383	1400
0.183383	1400
0.183383	1400
0.183383	1400
0.183383	1400
0.183383	1400
0.183383	1400
0.183383	1400
0.183383	1400
0.183496	1400
0.183496	1400
0.183496	39200
0.183587	1400
0.183587	1400
0.183587	1400
0.183587	1400
0.183587	1400
0.183587	1400
0.183587	1400
0.183587	1400
0.183587	1400
0.183587	1400
0.183587	1400
0.183587	1400
0.183587	1400
0.183587	1400
0.183587	1400
0.183587	1400
0.183587	1400
0.183587	1400
0.183587	1400
0.183587	1400
0.183587	1400
0.183683	1400
0.183683	1400
0.183683	1400
0.183683	1400
0.183683	1400
0.183683	1400
0.183683	1400
0.183683	1400
0.183683	1400
0.183683	1400
0.183683	1400
0.183683	1400
0.183683	1400
0.183683	1400
0.183683	1400
0.183683	1400
0.183683	1400
0.183683	1400
0.183683	1400
0.183683	1400
0.183683	1400
0.183683	1400
0.183683	1400
0.183796	1400
0.183796	1400
0.183796	1400
0.183796	1400
0.183796	1400
0.183796	1400
0.183796	1400
0.183796	1400
0.183796	1400
0.183796	1400
0.183796	1400
0.183796	33600
0.183996	1400
0.183996	1400
0.183996	1400
0.183996	1400
0.183996	1400
0.183996	1400
0.183996	1400
0.183996	39200
0.184083	1400
0.184083	1400
0.184083	1400
0.184083	1400
0.184083	1400
0.184083	1400
0.184083	1400
0.184175	1400
0.184175	1400
0.184175	1400
