0.105113	0	1400
0.110208	1400	2800
0.115308	2800	4200
0.115308	4200	5600
0.120408	5600	7000
0.120408	7000	8400
0.120409	8400	9800
0.120409	9800	11200
0.125508	11200	12600
0.125508	12600	14000
0.125509	14000	15400
0.125509	15400	16800
0.125509	16800	18200
0.125509	18200	19600
0.125509	19600	21000
0.128608	21000	22400
0.130608	22400	23800
0.130608	23800	25200
0.130609	25200	26600
0.130609	26600	28000
0.130609	28000	29400
0.130609	29400	30800
0.130609	30800	32200
0.130609	32200	33600
0.130609	33600	35000
0.130609	35000	36400
0.130609	36400	37800
0.130609	37800	39200
0.130609	39200	40600
0.133708	40600	42000
0.133708	42000	43400
0.133709	43400	44800
0.135708	44800	46200
0.135708	46200	47600
0.135709	47600	49000
0.135709	49000	50400
0.135709	50400	51800
0.135709	51800	53200
0.135709	53200	54600
0.135709	54600	56000
0.135709	56000	57400
0.135709	57400	58800
0.135709	58800	60200
0.135709	60200	61600
0.135709	61600	63000
0.135709	63000	64400
0.135709	64400	65800
0.13571	65800	67200
0.13571	67200	68600
0.13571	68600	70000
0.13571	70000	71400
0.13571	71400	72800
0.13571	72800	74200
0.13571	74200	75600
0.13571	75600	77000
0.13571	77000	78400
0.13571	78400	79800
0.138808	79800	81200
0.138808	81200	82600
0.138809	82600	84000
0.138809	84000	85400
0.138809	85400	86800
0.138809	86800	88200
0.138809	88200	89600
0.140808	89600	91000
0.140808	91000	92400
0.140809	92400	93800
0.140809	93800	95200
0.140809	95200	96600
0.140809	96600	98000
0.140809	98000	99400
0.140809	99400	100800
0.140809	100800	102200
0.140809	102200	103600
0.140809	103600	105000
0.140809	105000	106400
0.140809	106400	107800
0.140809	107800	109200
0.140809	109200	110600
0.14081	110600	112000
0.14081	112000	113400
0.14081	113400	114800
0.14081	114800	116200
0.14081	116200	117600
0.14081	117600	119000
0.14081	119000	120400
0.14081	120400	121800
0.14081	121800	123200
0.14081	123200	124600
0.14081	124600	126000
0.14081	126000	127400
0.14081	127400	128800
0.14081	128800	130200
0.140811	130200	131600
0.140811	131600	133000
0.140913	133000	134400
0.140913	134400	135800
0.140913	135800	137200
0.140913	137200	138600
0.140913	138600	140000
0.140913	140000	141400
0.140913	141400	142800
0.140913	142800	144200
0.140913	144200	145600
0.140913	145600	147000
0.140913	147000	148400
0.140913	148400	149800
0.140913	149800	151200
0.140914	151200	152600
0.140914	152600	154000
0.140914	154000	155400
0.140914	155400	156800
0.140914	156800	158200
0.143208	158200	159600
0.143908	159600	161000
0.143908	161000	162400
0.143909	162400	163800
0.143909	163800	165200
0.143909	165200	166600
0.143909	166600	168000
0.143909	168000	169400
0.143909	169400	170800
0.143909	170800	172200
0.143909	172200	173600
0.143909	173600	175000
0.143909	175000	176400
0.143909	176400	177800
0.145908	177800	179200
0.145908	179200	180600
0.145909	180600	182000
0.145909	182000	183400
0.145909	183400	184800
0.145909	184800	186200
0.145909	186200	187600
0.145909	187600	189000
0.145909	189000	190400
0.145909	190400	191800
0.145909	191800	193200
0.145909	193200	194600
0.145909	194600	196000
0.145909	196000	197400
0.145909	197400	198800
0.14591	198800	200200
0.14591	200200	201600
0.14591	201600	203000
0.14591	203000	204400
0.14591	204400	205800
0.14591	205800	207200
0.14591	207200	208600
0.14591	208600	210000
0.14591	210000	211400
0.14591	211400	212800
0.14591	212800	214200
0.14591	214200	215600
0.14591	215600	217000
0.14591	217000	218400
0.145911	218400	219800
0.145911	219800	221200
0.146117	221200	222600
0.146117	222600	224000
0.146117	224000	225400
0.146117	225400	226800
0.146117	226800	228200
0.146117	228200	229600
0.146117	229600	231000
0.146117	231000	232400
0.146117	232400	233800
0.146117	233800	235200
0.146117	235200	236600
0.146118	236600	238000
0.146118	238000	239400
0.146118	239400	240800
0.146118	240800	242200
0.146118	242200	243600
0.146118	243600	245000
0.146118	245000	246400
0.146118	246400	247800
0.146118	247800	249200
0.146118	249200	250600
0.146118	250600	252000
0.146118	252000	253400
0.146118	253400	254800
0.146119	254800	256200
0.146119	256200	257600
0.146119	257600	259000
0.146119	259000	260400
0.146119	260400	261800
0.146119	261800	263200
0.146119	263200	264600
0.146119	264600	266000
0.146119	266000	267400
0.146119	267400	268800
0.146119	268800	270200
0.146119	270200	271600
0.146119	271600	273000
0.146119	273000	274400
0.14612	274400	275800
0.14612	275800	277200
0.14612	277200	278600
0.14612	278600	280000
0.14612	280000	281400
0.14612	281400	282800
0.14612	282800	284200
0.14612	284200	285600
0.14612	285600	287000
0.14612	287000	288400
0.14612	288400	289800
0.14612	289800	291200
0.14612	291200	292600
0.146121	292600	294000
0.146121	294000	295400
0.146121	295400	296800
0.146121	296800	298200
0.146121	298200	299600
0.146121	299600	301000
0.146121	301000	302400
0.146121	302400	303800
0.146121	303800	305200
0.146121	305200	306600
0.146121	306600	308000
0.146121	308000	309400
0.146121	309400	310800
0.146122	310800	312200
0.146122	312200	313600
0.146122	313600	315000
0.148308	315000	316400
0.148308	316400	317800
0.148309	317800	319200
0.149008	319200	320600
0.149008	320600	322000
0.149009	322000	323400
0.149009	323400	324800
0.149009	324800	326200
0.149009	326200	327600
0.149009	327600	329000
0.149009	329000	330400
0.149009	330400	331800
0.149009	331800	333200
0.149009	333200	334600
0.149009	334600	336000
0.149009	336000	337400
0.149009	337400	338800
0.149009	338800	340200
0.14901	340200	341600
0.14901	341600	343000
0.14901	343000	344400
0.14901	344400	345800
0.14901	345800	347200
0.14901	347200	348600
0.14901	348600	350000
0.14901	350000	351400
0.14901	351400	352800
0.14901	352800	354200
0.151096	354200	355600
0.151096	355600	357000
0.151096	357000	358400
0.151096	358400	359800
0.151096	359800	361200
0.151096	361200	362600
0.151096	362600	364000
0.151096	364000	365400
0.151096	365400	366800
0.151096	366800	368200
0.151097	368200	369600
0.151097	369600	371000
0.151097	371000	372400
0.151097	372400	373800
0.151097	373800	375200
0.151097	375200	376600
0.151097	376600	378000
0.151097	378000	379400
0.151097	379400	380800
0.151097	380800	382200
0.151097	382200	383600
0.151097	383600	385000
0.151097	385000	386400
0.151097	386400	387800
0.151098	387800	389200
0.151098	389200	390600
0.151098	390600	392000
0.151098	392000	393400
0.151098	393400	394800
0.151098	394800	396200
0.151098	396200	397600
0.151146	397600	399000
0.151146	399000	400400
0.151146	400400	401800
0.151146	401800	403200
0.151146	403200	404600
0.151146	404600	406000
0.151146	406000	407400
0.151146	407400	408800
0.151146	408800	410200
0.151147	410200	411600
0.151147	411600	413000
0.151147	413000	414400
0.151147	414400	415800
0.151147	415800	417200
0.151147	417200	418600
0.151147	418600	420000
0.151147	420000	421400
0.151147	421400	422800
0.151147	422800	424200
0.151147	424200	425600
0.151147	425600	427000
0.151147	427000	428400
0.151147	428400	429800
0.151148	429800	431200
0.151148	431200	432600
0.151148	432600	434000
0.151148	434000	435400
0.151148	435400	436800
0.151148	436800	438200
0.151148	438200	439600
0.151148	439600	441000
0.151148	441000	442400
0.151148	442400	443800
0.151148	443800	445200
0.151148	445200	446600
0.151148	446600	448000
0.151149	448000	449400
0.151149	449400	450800
0.151149	450800	452200
0.151149	452200	453600
0.151149	453600	455000
0.151149	455000	456400
0.151149	456400	457800
0.151149	457800	459200
0.151149	459200	460600
0.151149	460600	462000
0.151149	462000	463400
0.151149	463400	464800
0.151149	464800	466200
0.15115	466200	467600
0.15115	467600	469000
0.15115	469000	470400
0.15115	470400	471800
0.15115	471800	473200
0.15115	473200	474600
0.15115	474600	476000
0.15115	476000	477400
0.15115	477400	478800
0.15115	478800	480200
0.15115	480200	481600
0.15115	481600	483000
0.15115	483000	484400
0.15115	484400	485800
0.151151	485800	487200
0.151217	487200	488600
0.151217	488600	490000
0.151217	490000	491400
0.151217	491400	492800
0.151217	492800	494200
0.151217	494200	495600
0.151217	495600	497000
0.151217	497000	498400
0.151217	498400	499800
0.151217	499800	501200
0.151217	501200	502600
0.151218	502600	504000
0.151218	504000	505400
0.151218	505400	506800
0.151218	506800	508200
0.151218	508200	509600
0.151218	509600	511000
0.151218	511000	512400
0.151218	512400	513800
0.151218	513800	515200
0.151218	515200	516600
0.151218	516600	518000
0.151218	518000	519400
0.151218	519400	520800
0.151219	520800	522200
0.151219	522200	523600
0.151219	523600	525000
0.151219	525000	526400
0.151219	526400	527800
0.151219	527800	529200
0.151219	529200	530600
0.151219	530600	532000
0.151219	532000	533400
0.151219	533400	534800
0.151219	534800	536200
0.151219	536200	537600
0.151219	537600	539000
0.151219	539000	540400
0.15122	540400	541800
0.15122	541800	543200
0.151317	543200	544600
0.151317	544600	546000
0.151317	546000	547400
0.151317	547400	548800
0.151317	548800	550200
0.151317	550200	551600
0.151317	551600	553000
0.151317	553000	554400
0.151317	554400	555800
0.151317	555800	557200
0.151317	557200	558600
0.151318	558600	560000
0.151318	560000	561400
0.151318	561400	562800
0.151318	562800	564200
0.151318	564200	565600
0.151318	565600	567000
0.151318	567000	568400
0.151318	568400	569800
0.151318	569800	571200
0.151318	571200	572600
0.151318	572600	574000
0.151318	574000	575400
0.151318	575400	576800
0.151319	576800	578200
0.151319	578200	579600
0.151319	579600	581000
0.151413	581000	582400
0.151413	582400	583800
0.151413	583800	585200
0.151413	585200	586600
0.151413	586600	588000
0.151413	588000	589400
0.151413	589400	590800
0.151413	590800	592200
0.151413	592200	593600
0.151413	593600	595000
0.151413	595000	596400
0.151413	596400	597800
0.151413	597800	599200
0.151414	599200	600600
0.151414	600600	602000
0.151414	602000	603400
0.151414	603400	604800
0.151414	604800	606200
0.151414	606200	607600
0.151414	607600	609000
0.151414	609000	610400
0.151414	610400	611800
0.151414	611800	613200
0.151414	613200	614600
0.151414	614600	616000
0.151414	616000	617400
0.151513	617400	618800
0.151513	618800	620200
0.151513	620200	621600
0.151513	621600	623000
0.151513	623000	624400
0.151513	624400	625800
0.151513	625800	627200
0.151513	627200	628600
0.153408	628600	630000
0.153408	630000	631400
0.153409	631400	632800
0.153409	632800	634200
0.153409	634200	635600
0.153409	635600	637000
0.153409	637000	638400
0.154108	638400	639800
0.154108	639800	641200
0.154109	641200	642600
0.154109	642600	644000
0.154109	644000	645400
0.154109	645400	646800
0.154109	646800	648200
0.154109	648200	649600
0.154109	649600	651000
0.154109	651000	652400
0.154109	652400	653800
0.154109	653800	655200
0.154109	655200	656600
0.154109	656600	658000
0.154109	658000	659400
0.15411	659400	660800
0.15411	660800	662200
0.15411	662200	663600
0.15411	663600	665000
0.15411	665000	666400
0.15411	666400	667800
0.15411	667800	669200
0.15411	669200	670600
0.15411	670600	672000
0.15411	672000	673400
0.15411	673400	674800
0.15411	674800	676200
0.15411	676200	677600
0.15411	677600	679000
0.154111	679000	680400
0.154111	680400	681800
0.154213	681800	683200
0.154213	683200	684600
0.154213	684600	686000
0.154213	686000	687400
0.154213	687400	688800
0.154213	688800	690200
0.154213	690200	691600
0.154213	691600	693000
0.154213	693000	694400
0.154213	694400	695800
0.154213	695800	697200
0.154213	697200	698600
0.154213	698600	700000
0.154214	700000	701400
0.154214	701400	702800
0.154214	702800	704200
0.154214	704200	705600
0.154214	705600	707000
0.156196	707000	708400
0.156196	708400	709800
0.156196	709800	711200
0.156196	711200	712600
0.156196	712600	714000
0.156196	714000	715400
0.156196	715400	716800
0.156196	716800	718200
0.156196	718200	719600
0.156196	719600	721000
0.156197	721000	722400
0.156197	722400	723800
0.156197	723800	725200
0.156197	725200	726600
0.156197	726600	728000
0.156197	728000	729400
0.156197	729400	730800
0.156197	730800	732200
0.156197	732200	733600
0.156197	733600	735000
0.156197	735000	736400
0.156197	736400	737800
0.156197	737800	739200
0.156197	739200	740600
0.156198	740600	742000
0.156198	742000	743400
0.156198	743400	744800
0.156198	744800	746200
0.156198	746200	747600
0.156198	747600	749000
0.156198	749000	750400
0.156296	750400	751800
0.156296	751800	753200
0.156296	753200	754600
0.156296	754600	756000
0.156296	756000	757400
0.156296	757400	758800
0.156296	758800	760200
0.156296	760200	761600
0.156296	761600	763000
0.156296	763000	764400
0.156297	764400	765800
0.156297	765800	767200
0.156297	767200	768600
0.156297	768600	770000
0.156297	770000	771400
0.156297	771400	772800
0.156297	772800	774200
0.156297	774200	775600
0.156297	775600	777000
0.156297	777000	778400
0.156297	778400	779800
0.156297	779800	781200
0.156297	781200	782600
0.156297	782600	784000
0.156298	784000	785400
0.156298	785400	786800
0.156298	786800	788200
0.156298	788200	789600
0.156298	789600	791000
0.156298	791000	792400
0.156298	792400	793800
0.156298	793800	795200
0.156298	795200	796600
0.156298	796600	798000
0.156298	798000	799400
0.156298	799400	800800
0.156298	800800	802200
0.156299	802200	803600
0.156299	803600	805000
0.156299	805000	806400
0.156299	806400	807800
0.156299	807800	809200
0.156299	809200	810600
0.156299	810600	812000
0.156299	812000	813400
0.156299	813400	814800
0.156299	814800	816200
0.156299	816200	817600
0.156299	817600	819000
0.156299	819000	820400
0.1563	820400	821800
0.1563	821800	823200
0.1563	823200	824600
0.156396	824600	826000
0.156396	826000	827400
0.156396	827400	828800
0.156396	828800	830200
0.156396	830200	831600
0.156396	831600	833000
0.156396	833000	834400
0.156396	834400	835800
0.156396	835800	837200
0.156396	837200	838600
0.156397	838600	840000
0.156397	840000	841400
0.156397	841400	842800
0.156397	842800	844200
0.156397	844200	845600
0.156397	845600	847000
0.156397	847000	848400
0.156397	848400	849800
0.156397	849800	851200
0.156397	851200	852600
0.156397	852600	854000
0.156397	854000	855400
0.156397	855400	856800
0.156397	856800	858200
0.156398	858200	859600
0.156398	859600	861000
0.156398	861000	862400
0.156496	862400	863800
0.156496	863800	865200
0.156496	865200	866600
0.156496	866600	868000
0.156496	868000	869400
0.156496	869400	870800
0.156496	870800	872200
0.156496	872200	873600
0.156496	873600	875000
0.156496	875000	876400
0.156497	876400	877800
0.156497	877800	879200
0.156497	879200	880600
0.156497	880600	882000
0.156497	882000	883400
0.156497	883400	884800
0.156497	884800	886200
0.156497	886200	887600
0.156497	887600	889000
0.156497	889000	890400
0.156497	890400	891800
0.156497	891800	893200
0.156497	893200	894600
0.156497	894600	896000
0.156498	896000	897400
0.156498	897400	898800
0.156498	898800	900200
0.156596	900200	901600
0.156596	901600	903000
0.156596	903000	904400
0.156596	904400	905800
0.156596	905800	907200
0.156596	907200	908600
0.156596	908600	910000
0.156596	910000	911400
0.156596	911400	912800
0.156596	912800	914200
0.156597	914200	915600
0.156597	915600	917000
0.156597	917000	918400
0.156597	918400	919800
0.156597	919800	921200
0.156597	921200	922600
0.156597	922600	924000
0.156597	924000	925400
0.156597	925400	926800
0.156597	926800	928200
0.156597	928200	929600
0.156597	929600	931000
0.156597	931000	932400
0.156597	932400	933800
0.156598	933800	935200
0.156598	935200	936600
0.156696	936600	938000
0.156696	938000	939400
0.156696	939400	940800
0.156696	940800	942200
0.156696	942200	943600
0.156696	943600	945000
0.156696	945000	946400
0.156696	946400	947800
0.156696	947800	949200
0.156696	949200	950600
0.156697	950600	952000
0.156697	952000	953400
0.156697	953400	954800
0.156697	954800	956200
0.156697	956200	957600
0.156697	957600	959000
0.156697	959000	960400
0.156697	960400	961800
0.156697	961800	963200
0.156697	963200	964600
0.156697	964600	966000
0.156697	966000	967400
0.156697	967400	968800
0.156697	968800	970200
0.156796	970200	971600
0.156796	971600	973000
0.156796	973000	974400
0.156796	974400	975800
0.156796	975800	977200
0.156796	977200	978600
0.156796	978600	980000
0.156796	980000	981400
0.156796	981400	982800
0.156796	982800	984200
0.156797	984200	985600
0.156797	985600	987000
0.156797	987000	988400
0.156797	988400	989800
0.156797	989800	991200
0.156797	991200	992600
0.156797	992600	994000
0.156797	994000	995400
0.156797	995400	996800
0.156797	996800	998200
0.156797	998200	999600
0.156797	999600	1001000
0.156797	1001000	1002400
0.156797	1002400	1003800
0.156798	1003800	1005200
0.156896	1005200	1006600
0.156896	1006600	1008000
0.156896	1008000	1009400
0.156896	1009400	1010800
0.156896	1010800	1012200
0.156896	1012200	1013600
0.156896	1013600	1015000
0.156896	1015000	1016400
0.156896	1016400	1017800
0.156896	1017800	1019200
0.156897	1019200	1020600
0.156897	1020600	1022000
0.156897	1022000	1023400
0.156897	1023400	1024800
0.156897	1024800	1026200
0.156897	1026200	1027600
0.156897	1027600	1029000
0.156897	1029000	1030400
0.156897	1030400	1031800
0.156897	1031800	1033200
0.156897	1033200	1034600
0.156897	1034600	1036000
0.156897	1036000	1037400
0.156897	1037400	1038800
0.156996	1038800	1040200
0.156996	1040200	1041600
0.156996	1041600	1043000
0.156996	1043000	1044400
0.156996	1044400	1045800
0.156996	1045800	1047200
0.156996	1047200	1048600
0.156996	1048600	1050000
0.156996	1050000	1051400
0.156996	1051400	1052800
0.156997	1052800	1054200
0.156997	1054200	1055600
0.156997	1055600	1057000
0.156997	1057000	1058400
0.156997	1058400	1059800
0.156997	1059800	1061200
0.156997	1061200	1062600
0.156997	1062600	1064000
0.156997	1064000	1065400
0.156997	1065400	1066800
0.156997	1066800	1068200
0.156997	1068200	1069600
0.156997	1069600	1071000
0.156997	1071000	1072400
0.156998	1072400	1073800
0.156998	1073800	1075200
0.157096	1075200	1076600
0.157096	1076600	1078000
0.157096	1078000	1079400
0.157096	1079400	1080800
0.157096	1080800	1082200
0.157096	1082200	1083600
0.157096	1083600	1085000
0.157096	1085000	1086400
0.157096	1086400	1087800
0.157096	1087800	1089200
0.157097	1089200	1090600
0.157097	1090600	1092000
0.157097	1092000	1093400
0.157097	1093400	1094800
0.157097	1094800	1096200
0.157097	1096200	1097600
0.157097	1097600	1099000
0.157097	1099000	1100400
0.157097	1100400	1101800
0.157097	1101800	1103200
0.157097	1103200	1104600
0.157097	1104600	1106000
0.157097	1106000	1107400
0.157097	1107400	1108800
0.157098	1108800	1110200
0.157098	1110200	1111600
0.157208	1111600	1113000
0.157208	1113000	1114400
0.157209	1114400	1115800
0.157209	1115800	1117200
0.157209	1117200	1118600
0.157209	1118600	1120000
0.157209	1120000	1121400
0.157209	1121400	1122800
0.157209	1122800	1124200
0.157209	1124200	1125600
0.157209	1125600	1127000
0.157209	1127000	1128400
0.157209	1128400	1129800
0.157209	1129800	1131200
0.157209	1131200	1132600
0.15721	1132600	1134000
0.15721	1134000	1135400
0.15721	1135400	1136800
0.15721	1136800	1138200
0.15721	1138200	1139600
0.15721	1139600	1141000
0.15721	1141000	1142400
0.15721	1142400	1143800
0.15721	1143800	1145200
0.15721	1145200	1146600
0.15721	1146600	1148000
0.15721	1148000	1149400
0.15721	1149400	1150800
0.15721	1150800	1152200
0.157211	1152200	1153600
0.157211	1153600	1155000
0.157313	1155000	1156400
0.157313	1156400	1157800
0.157313	1157800	1159200
0.157313	1159200	1160600
0.157313	1160600	1162000
0.157313	1162000	1163400
0.157313	1163400	1164800
0.157313	1164800	1166200
0.157313	1166200	1167600
0.157313	1167600	1169000
0.157313	1169000	1170400
0.157313	1170400	1171800
0.157313	1171800	1173200
0.157314	1173200	1174600
0.157314	1174600	1176000
0.157314	1176000	1177400
0.157314	1177400	1178800
0.157314	1178800	1180200
0.157314	1180200	1181600
0.157314	1181600	1183000
0.157314	1183000	1184400
0.157314	1184400	1185800
0.157314	1185800	1187200
0.157314	1187200	1188600
0.157314	1188600	1190000
0.157314	1190000	1191400
0.157315	1191400	1192800
0.157315	1192800	1194200
0.157315	1194200	1195600
0.157315	1195600	1197000
0.157315	1197000	1198400
0.157315	1198400	1199800
0.157315	1199800	1201200
0.157315	1201200	1202600
0.157315	1202600	1204000
0.157315	1204000	1205400
0.157315	1205400	1206800
0.157315	1206800	1208200
0.157315	1208200	1209600
0.157315	1209600	1211000
0.157316	1211000	1212400
0.157316	1212400	1213800
0.157316	1213800	1215200
0.157316	1215200	1216600
0.157316	1216600	1218000
0.157316	1218000	1219400
0.157513	1219400	1220800
0.157513	1220800	1222200
0.157513	1222200	1223600
0.157513	1223600	1225000
0.157513	1225000	1226400
0.157513	1226400	1227800
0.157513	1227800	1229200
0.157513	1229200	1230600
0.157513	1230600	1232000
0.157513	1232000	1233400
0.157513	1233400	1234800
0.157513	1234800	1236200
0.157513	1236200	1237600
0.157514	1237600	1239000
0.157514	1239000	1240400
0.157514	1240400	1241800
0.157514	1241800	1243200
0.157514	1243200	1244600
0.157514	1244600	1246000
0.157514	1246000	1247400
0.157514	1247400	1248800
0.157514	1248800	1250200
0.157514	1250200	1251600
0.157514	1251600	1253000
0.157514	1253000	1254400
0.157514	1254400	1255800
0.158308	1255800	1257200
0.158308	1257200	1258600
0.158309	1258600	1260000
0.158309	1260000	1261400
0.158309	1261400	1262800
0.158309	1262800	1264200
0.158309	1264200	1265600
0.158309	1265600	1267000
0.158309	1267000	1268400
0.158309	1268400	1269800
0.158309	1269800	1271200
0.158309	1271200	1272600
0.158309	1272600	1274000
0.158309	1274000	1275400
0.159208	1275400	1276800
0.159208	1276800	1278200
0.159209	1278200	1279600
0.159209	1279600	1281000
0.159209	1281000	1282400
0.159209	1282400	1283800
0.159209	1283800	1285200
0.159209	1285200	1286600
0.159209	1286600	1288000
0.159209	1288000	1289400
0.159209	1289400	1290800
0.159209	1290800	1292200
0.159209	1292200	1293600
0.159209	1293600	1295000
0.159209	1295000	1296400
0.15921	1296400	1297800
0.15921	1297800	1299200
0.15921	1299200	1300600
0.15921	1300600	1302000
0.15921	1302000	1303400
0.15921	1303400	1304800
0.15921	1304800	1306200
0.15921	1306200	1307600
0.15921	1307600	1309000
0.15921	1309000	1310400
0.15921	1310400	1311800
0.15921	1311800	1313200
0.15921	1313200	1314600
0.15921	1314600	1316000
0.159211	1316000	1317400
0.159211	1317400	1318800
0.161296	1318800	1320200
0.161296	1320200	1321600
0.161296	1321600	1323000
0.161296	1323000	1324400
0.161296	1324400	1325800
0.161296	1325800	1327200
0.161296	1327200	1328600
0.161296	1328600	1330000
0.161296	1330000	1331400
0.161296	1331400	1332800
0.161297	1332800	1334200
0.161297	1334200	1335600
0.161297	1335600	1337000
0.161297	1337000	1338400
0.161297	1338400	1339800
0.161297	1339800	1341200
0.161297	1341200	1342600
0.161297	1342600	1344000
0.161297	1344000	1345400
0.161297	1345400	1346800
0.161297	1346800	1348200
0.161297	1348200	1349600
0.161297	1349600	1351000
0.161297	1351000	1352400
0.161298	1352400	1353800
0.161298	1353800	1355200
0.161298	1355200	1356600
0.161298	1356600	1358000
0.161298	1358000	1359400
0.161298	1359400	1360800
0.161298	1360800	1362200
0.161298	1362200	1363600
0.161298	1363600	1365000
0.161298	1365000	1366400
0.161298	1366400	1367800
0.161298	1367800	1369200
0.161298	1369200	1370600
0.161299	1370600	1372000
0.161299	1372000	1373400
0.161299	1373400	1374800
0.161299	1374800	1376200
0.161299	1376200	1377600
0.161299	1377600	1379000
0.161299	1379000	1380400
0.161299	1380400	1381800
0.161299	1381800	1383200
0.161299	1383200	1384600
0.161299	1384600	1386000
0.161299	1386000	1387400
0.161299	1387400	1388800
0.1613	1388800	1390200
0.1613	1390200	1391600
0.1613	1391600	1393000
0.1613	1393000	1394400
0.1613	1394400	1395800
0.1613	1395800	1397200
0.1613	1397200	1398600
0.1613	1398600	1400000
0.1613	1400000	1401400
0.1613	1401400	1402800
0.1613	1402800	1404200
0.1613	1404200	1405600
0.1613	1405600	1407000
0.1613	1407000	1408400
0.161301	1408400	1409800
0.161301	1409800	1411200
0.161301	1411200	1412600
0.161301	1412600	1414000
0.161301	1414000	1415400
0.161301	1415400	1416800
0.161301	1416800	1418200
0.161301	1418200	1419600
0.161301	1419600	1421000
0.161301	1421000	1422400
0.161301	1422400	1423800
0.161301	1423800	1425200
0.161301	1425200	1426600
0.161302	1426600	1428000
0.161302	1428000	1429400
0.161302	1429400	1430800
0.161302	1430800	1432200
0.161302	1432200	1433600
0.161302	1433600	1435000
0.161302	1435000	1436400
0.161302	1436400	1437800
0.161302	1437800	1439200
0.161302	1439200	1440600
0.161302	1440600	1442000
0.161302	1442000	1443400
0.161302	1443400	1444800
0.161303	1444800	1446200
0.161303	1446200	1447600
0.161303	1447600	1449000
0.161303	1449000	1450400
0.161303	1450400	1451800
0.161303	1451800	1453200
0.161396	1453200	1454600
0.161396	1454600	1456000
0.161396	1456000	1457400
0.161396	1457400	1458800
0.161396	1458800	1460200
0.161396	1460200	1461600
0.161396	1461600	1463000
0.161396	1463000	1464400
0.161396	1464400	1465800
0.161396	1465800	1467200
0.161397	1467200	1468600
0.161397	1468600	1470000
0.161397	1470000	1471400
0.161397	1471400	1472800
0.161397	1472800	1474200
0.161397	1474200	1475600
0.161397	1475600	1477000
0.161397	1477000	1478400
0.161397	1478400	1479800
0.161397	1479800	1481200
0.161397	1481200	1482600
0.161397	1482600	1484000
0.161397	1484000	1485400
0.161397	1485400	1486800
0.161398	1486800	1488200
0.161398	1488200	1489600
0.161398	1489600	1491000
0.161398	1491000	1492400
0.161398	1492400	1493800
0.161398	1493800	1495200
0.161398	1495200	1496600
0.161398	1496600	1498000
0.161398	1498000	1499400
0.161398	1499400	1500800
0.161398	1500800	1502200
0.161398	1502200	1503600
0.161398	1503600	1505000
0.161399	1505000	1506400
0.161399	1506400	1507800
0.161399	1507800	1509200
0.161399	1509200	1510600
0.161399	1510600	1512000
0.161399	1512000	1513400
0.161399	1513400	1514800
0.161399	1514800	1516200
0.161399	1516200	1517600
0.161399	1517600	1519000
0.161399	1519000	1520400
0.161399	1520400	1521800
0.161399	1521800	1523200
0.1614	1523200	1524600
0.1614	1524600	1526000
0.161496	1526000	1527400
0.161496	1527400	1528800
0.161496	1528800	1530200
0.161496	1530200	1531600
0.161496	1531600	1533000
0.161496	1533000	1534400
0.161496	1534400	1535800
0.161496	1535800	1537200
0.161496	1537200	1538600
0.161496	1538600	1540000
0.161497	1540000	1541400
0.161497	1541400	1542800
0.161497	1542800	1544200
0.161497	1544200	1545600
0.161497	1545600	1547000
0.161497	1547000	1548400
0.161497	1548400	1549800
0.161497	1549800	1551200
0.161497	1551200	1552600
0.161497	1552600	1554000
0.161497	1554000	1555400
0.161497	1555400	1556800
0.161497	1556800	1558200
0.161497	1558200	1559600
0.161498	1559600	1561000
0.161498	1561000	1562400
0.161498	1562400	1563800
0.161596	1563800	1565200
0.161596	1565200	1566600
0.161596	1566600	1568000
0.161596	1568000	1569400
0.161596	1569400	1570800
0.161596	1570800	1572200
0.161596	1572200	1573600
0.161596	1573600	1575000
0.161596	1575000	1576400
0.161596	1576400	1577800
0.161597	1577800	1579200
0.161597	1579200	1580600
0.161597	1580600	1582000
0.161597	1582000	1583400
0.161597	1583400	1584800
0.161597	1584800	1586200
0.161597	1586200	1587600
0.161597	1587600	1589000
0.161597	1589000	1590400
0.161597	1590400	1591800
0.161597	1591800	1593200
0.161597	1593200	1594600
0.161597	1594600	1596000
0.161597	1596000	1597400
0.161598	1597400	1598800
0.161598	1598800	1600200
0.161598	1600200	1601600
0.161696	1601600	1603000
0.161696	1603000	1604400
0.161696	1604400	1605800
0.161696	1605800	1607200
0.161696	1607200	1608600
0.161696	1608600	1610000
0.161696	1610000	1611400
0.161696	1611400	1612800
0.161696	1612800	1614200
0.161696	1614200	1615600
0.161697	1615600	1617000
0.161697	1617000	1618400
0.161697	1618400	1619800
0.161697	1619800	1621200
0.161697	1621200	1622600
0.161697	1622600	1624000
0.161697	1624000	1625400
0.161697	1625400	1626800
0.161697	1626800	1628200
0.161697	1628200	1629600
0.161697	1629600	1631000
0.161697	1631000	1632400
0.161697	1632400	1633800
0.161796	1633800	1635200
0.161796	1635200	1636600
0.161796	1636600	1638000
0.161796	1638000	1639400
0.161796	1639400	1640800
0.161796	1640800	1642200
0.161796	1642200	1643600
0.161796	1643600	1645000
0.161796	1645000	1646400
0.161796	1646400	1647800
0.161797	1647800	1649200
0.161797	1649200	1650600
0.161797	1650600	1652000
0.161797	1652000	1653400
0.161797	1653400	1654800
0.161797	1654800	1656200
0.161797	1656200	1657600
0.161797	1657600	1659000
0.161797	1659000	1660400
0.161797	1660400	1661800
0.161797	1661800	1663200
0.161797	1663200	1664600
0.161896	1664600	1666000
0.161896	1666000	1667400
0.161896	1667400	1668800
0.161896	1668800	1670200
0.161896	1670200	1671600
0.161896	1671600	1673000
0.161896	1673000	1674400
0.161896	1674400	1675800
0.161896	1675800	1677200
0.161896	1677200	1678600
0.161897	1678600	1680000
0.161897	1680000	1681400
0.161897	1681400	1682800
0.161897	1682800	1684200
0.161897	1684200	1685600
0.161897	1685600	1687000
0.161897	1687000	1688400
0.161897	1688400	1689800
0.161897	1689800	1691200
0.161897	1691200	1692600
0.161897	1692600	1694000
0.161996	1694000	1695400
0.161996	1695400	1696800
0.161996	1696800	1698200
0.161996	1698200	1699600
0.161996	1699600	1701000
0.161996	1701000	1702400
0.161996	1702400	1703800
0.161996	1703800	1705200
0.161996	1705200	1706600
0.161996	1706600	1708000
0.161997	1708000	1709400
0.161997	1709400	1710800
0.161997	1710800	1712200
0.161997	1712200	1713600
0.161997	1713600	1715000
0.161997	1715000	1716400
0.161997	1716400	1717800
0.161997	1717800	1719200
0.161997	1719200	1720600
0.161997	1720600	1722000
0.161997	1722000	1723400
0.161997	1723400	1724800
0.161997	1724800	1726200
0.161997	1726200	1727600
0.161998	1727600	1729000
0.162096	1729000	1730400
0.162096	1730400	1731800
0.162096	1731800	1733200
0.162096	1733200	1734600
0.162096	1734600	1736000
0.162096	1736000	1737400
0.162096	1737400	1738800
0.162096	1738800	1740200
0.162096	1740200	1741600
0.162096	1741600	1743000
0.162097	1743000	1744400
0.162097	1744400	1745800
0.162097	1745800	1747200
0.162097	1747200	1748600
0.162097	1748600	1750000
0.162097	1750000	1751400
0.162097	1751400	1752800
0.162097	1752800	1754200
0.162097	1754200	1755600
0.162097	1755600	1757000
0.162097	1757000	1758400
0.162097	1758400	1759800
0.162097	1759800	1761200
0.162097	1761200	1762600
0.162098	1762600	1764000
0.162196	1764000	1765400
0.162196	1765400	1766800
0.162196	1766800	1768200
0.162196	1768200	1769600
0.162196	1769600	1771000
0.162196	1771000	1772400
0.162196	1772400	1773800
0.162196	1773800	1775200
0.162196	1775200	1776600
0.162196	1776600	1778000
0.162197	1778000	1779400
0.162197	1779400	1780800
0.162197	1780800	1782200
0.162197	1782200	1783600
0.162197	1783600	1785000
0.162197	1785000	1786400
0.162197	1786400	1787800
0.162197	1787800	1789200
0.162197	1789200	1790600
0.162197	1790600	1792000
0.162197	1792000	1793400
0.162197	1793400	1794800
0.162197	1794800	1796200
0.162197	1796200	1797600
0.162198	1797600	1799000
0.162198	1799000	1800400
0.162396	1800400	1801800
0.162396	1801800	1803200
0.162396	1803200	1804600
0.162396	1804600	1806000
0.162396	1806000	1807400
0.162396	1807400	1808800
0.162396	1808800	1810200
0.162396	1810200	1811600
0.162396	1811600	1813000
0.162396	1813000	1814400
0.162397	1814400	1815800
0.162397	1815800	1817200
0.162397	1817200	1818600
0.162397	1818600	1820000
0.162397	1820000	1821400
0.162397	1821400	1822800
0.162397	1822800	1824200
0.162397	1824200	1825600
0.162397	1825600	1827000
0.162397	1827000	1828400
0.162397	1828400	1829800
0.162397	1829800	1831200
0.162397	1831200	1832600
0.162397	1832600	1834000
0.162398	1834000	1835400
0.162398	1835400	1836800
0.162398	1836800	1838200
0.162398	1838200	1839600
0.162398	1839600	1841000
0.162398	1841000	1842400
0.162398	1842400	1843800
0.162496	1843800	1845200
0.162496	1845200	1846600
0.162496	1846600	1848000
0.162496	1848000	1849400
0.162496	1849400	1850800
0.162496	1850800	1852200
0.162496	1852200	1853600
0.162496	1853600	1855000
0.162496	1855000	1856400
0.162496	1856400	1857800
0.162497	1857800	1859200
0.162497	1859200	1860600
0.162497	1860600	1862000
0.162497	1862000	1863400
0.162497	1863400	1864800
0.162497	1864800	1866200
0.162497	1866200	1867600
0.162497	1867600	1869000
0.162497	1869000	1870400
0.162497	1870400	1871800
0.162497	1871800	1873200
0.162497	1873200	1874600
0.162497	1874600	1876000
0.162497	1876000	1877400
0.162498	1877400	1878800
0.162498	1878800	1880200
0.162498	1880200	1881600
0.162498	1881600	1883000
0.162498	1883000	1884400
0.162498	1884400	1885800
0.162498	1885800	1887200
0.162498	1887200	1888600
0.162498	1888600	1890000
0.162498	1890000	1891400
0.162498	1891400	1892800
0.162498	1892800	1894200
0.162498	1894200	1895600
0.162499	1895600	1897000
0.162499	1897000	1898400
0.162499	1898400	1899800
0.162499	1899800	1901200
0.162499	1901200	1902600
0.162499	1902600	1904000
0.162499	1904000	1905400
0.162499	1905400	1906800
0.162499	1906800	1908200
0.162596	1908200	1909600
0.162596	1909600	1911000
0.162596	1911000	1912400
0.162596	1912400	1913800
0.162596	1913800	1915200
0.162596	1915200	1916600
0.162596	1916600	1918000
0.162596	1918000	1919400
0.162596	1919400	1920800
0.162596	1920800	1922200
0.162597	1922200	1923600
0.162597	1923600	1925000
0.162597	1925000	1926400
0.162597	1926400	1927800
0.162597	1927800	1929200
0.162597	1929200	1930600
0.162597	1930600	1932000
0.162597	1932000	1933400
0.162597	1933400	1934800
0.162597	1934800	1936200
0.162597	1936200	1937600
0.162597	1937600	1939000
0.162597	1939000	1940400
0.162597	1940400	1941800
0.162598	1941800	1943200
0.162598	1943200	1944600
0.162696	1944600	1946000
0.162696	1946000	1947400
0.162696	1947400	1948800
0.162696	1948800	1950200
0.162696	1950200	1951600
0.162696	1951600	1953000
0.162696	1953000	1954400
0.162696	1954400	1955800
0.162696	1955800	1957200
0.162696	1957200	1958600
0.162697	1958600	1960000
0.162697	1960000	1961400
0.162697	1961400	1962800
0.162697	1962800	1964200
0.162697	1964200	1965600
0.162697	1965600	1967000
0.162697	1967000	1968400
0.162697	1968400	1969800
0.162697	1969800	1971200
0.162697	1971200	1972600
0.162697	1972600	1974000
0.162697	1974000	1975400
0.162697	1975400	1976800
0.162697	1976800	1978200
0.162698	1978200	1979600
0.162896	1979600	1981000
0.162896	1981000	1982400
0.162896	1982400	1983800
0.162896	1983800	1985200
0.162896	1985200	1986600
0.162896	1986600	1988000
0.162896	1988000	1989400
0.162896	1989400	1990800
0.162896	1990800	1992200
0.162896	1992200	1993600
0.162897	1993600	1995000
0.162897	1995000	1996400
0.162897	1996400	1997800
0.162897	1997800	1999200
0.162897	1999200	2000600
0.162897	2000600	2002000
0.162897	2002000	2003400
0.162897	2003400	2004800
0.162897	2004800	2006200
0.162897	2006200	2007600
0.162897	2007600	2009000
0.162897	2009000	2010400
0.162897	2010400	2011800
0.162897	2011800	2013200
0.162898	2013200	2014600
0.162898	2014600	2016000
0.162898	2016000	2017400
0.162898	2017400	2018800
0.162898	2018800	2020200
0.162898	2020200	2021600
0.162898	2021600	2023000
0.162996	2023000	2024400
0.162996	2024400	2025800
0.162996	2025800	2027200
0.162996	2027200	2028600
0.162996	2028600	2030000
0.162996	2030000	2031400
0.162996	2031400	2032800
0.162996	2032800	2034200
0.162996	2034200	2035600
0.162996	2035600	2037000
0.162997	2037000	2038400
0.162997	2038400	2039800
0.162997	2039800	2041200
0.162997	2041200	2042600
0.162997	2042600	2044000
0.162997	2044000	2045400
0.162997	2045400	2046800
0.162997	2046800	2048200
0.162997	2048200	2049600
0.162997	2049600	2051000
0.162997	2051000	2052400
0.162997	2052400	2053800
0.162997	2053800	2055200
0.162997	2055200	2056600
0.162998	2056600	2058000
0.162998	2058000	2059400
0.162998	2059400	2060800
0.162998	2060800	2062200
0.162998	2062200	2063600
0.162998	2063600	2065000
0.162998	2065000	2066400
0.162998	2066400	2067800
0.162998	2067800	2069200
0.162998	2069200	2070600
0.162998	2070600	2072000
0.162998	2072000	2073400
0.162998	2073400	2074800
0.162999	2074800	2076200
0.162999	2076200	2077600
0.162999	2077600	2079000
0.162999	2079000	2080400
0.162999	2080400	2081800
0.162999	2081800	2083200
0.162999	2083200	2084600
0.163196	2084600	2086000
0.163196	2086000	2087400
0.163196	2087400	2088800
0.163196	2088800	2090200
0.163196	2090200	2091600
0.163196	2091600	2093000
0.163196	2093000	2094400
0.163196	2094400	2095800
0.163196	2095800	2097200
0.163196	2097200	2098600
0.163197	2098600	2100000
0.163197	2100000	2101400
0.163197	2101400	2102800
0.163197	2102800	2104200
0.163197	2104200	2105600
0.163197	2105600	2107000
0.163197	2107000	2108400
0.163197	2108400	2109800
0.163197	2109800	2111200
0.163197	2111200	2112600
0.163197	2112600	2114000
0.163197	2114000	2115400
0.163197	2115400	2116800
0.163197	2116800	2118200
0.163198	2118200	2119600
0.163198	2119600	2121000
0.163496	2121000	2122400
0.163496	2122400	2123800
0.163496	2123800	2125200
0.163496	2125200	2126600
0.163496	2126600	2128000
0.163496	2128000	2129400
0.163496	2129400	2130800
0.163496	2130800	2132200
0.163496	2132200	2133600
0.163496	2133600	2135000
0.163497	2135000	2136400
0.163497	2136400	2137800
0.163497	2137800	2139200
0.163497	2139200	2140600
0.163497	2140600	2142000
0.163497	2142000	2143400
0.163497	2143400	2144800
0.163497	2144800	2146200
0.163497	2146200	2147600
0.163497	2147600	2149000
0.163497	2149000	2150400
0.163497	2150400	2151800
0.163497	2151800	2153200
0.163497	2153200	2154600
0.163498	2154600	2156000
0.163498	2156000	2157400
0.163498	2157400	2158800
0.163498	2158800	2160200
0.163498	2160200	2161600
0.163498	2161600	2163000
0.163498	2163000	2164400
0.163498	2164400	2165800
0.163498	2165800	2167200
0.163498	2167200	2168600
0.163498	2168600	2170000
0.163498	2170000	2171400
0.163498	2171400	2172800
0.163499	2172800	2174200
0.163499	2174200	2175600
0.163499	2175600	2177000
0.163499	2177000	2178400
0.163499	2178400	2179800
0.163499	2179800	2181200
0.163499	2181200	2182600
0.163499	2182600	2184000
0.163499	2184000	2185400
0.163499	2185400	2186800
0.163499	2186800	2188200
0.163499	2188200	2189600
0.163499	2189600	2191000
0.1635	2191000	2192400
0.1635	2192400	2193800
0.1635	2193800	2195200
0.1635	2195200	2196600
0.1635	2196600	2198000
0.1635	2198000	2199400
0.1635	2199400	2200800
0.1635	2200800	2202200
0.1635	2202200	2203600
0.1635	2203600	2205000
0.1635	2205000	2206400
0.1635	2206400	2207800
0.1635	2207800	2209200
0.163696	2209200	2210600
0.163696	2210600	2212000
0.163696	2212000	2213400
0.163696	2213400	2214800
0.163696	2214800	2216200
0.163696	2216200	2217600
0.163696	2217600	2219000
0.163696	2219000	2220400
0.163696	2220400	2221800
0.163696	2221800	2223200
0.163697	2223200	2224600
0.163697	2224600	2226000
0.163697	2226000	2227400
0.163697	2227400	2228800
0.163697	2228800	2230200
0.163697	2230200	2231600
0.163697	2231600	2233000
0.163697	2233000	2234400
0.163697	2234400	2235800
0.163697	2235800	2237200
0.163697	2237200	2238600
0.163697	2238600	2240000
0.163697	2240000	2241400
0.163697	2241400	2242800
0.163698	2242800	2244200
0.163698	2244200	2245600
0.163698	2245600	2247000
0.163698	2247000	2248400
0.163698	2248400	2249800
0.163698	2249800	2251200
0.163698	2251200	2252600
0.163698	2252600	2254000
0.163698	2254000	2255400
0.163698	2255400	2256800
0.163698	2256800	2258200
0.163698	2258200	2259600
0.163698	2259600	2261000
0.163699	2261000	2262400
0.163699	2262400	2263800
0.163699	2263800	2265200
0.163699	2265200	2266600
0.163699	2266600	2268000
0.163699	2268000	2269400
0.163699	2269400	2270800
0.163699	2270800	2272200
0.163699	2272200	2273600
0.163699	2273600	2275000
0.163699	2275000	2276400
0.163699	2276400	2277800
0.163699	2277800	2279200
0.1637	2279200	2280600
0.1637	2280600	2282000
0.1637	2282000	2283400
0.1637	2283400	2284800
0.1637	2284800	2286200
0.1637	2286200	2287600
0.1637	2287600	2289000
0.1637	2289000	2290400
0.1637	2290400	2291800
0.1637	2291800	2293200
0.1637	2293200	2294600
0.1637	2294600	2296000
0.1637	2296000	2297400
0.1637	2297400	2298800
0.163701	2298800	2300200
0.163701	2300200	2301600
0.163796	2301600	2303000
0.163796	2303000	2304400
0.163796	2304400	2305800
0.163796	2305800	2307200
0.163796	2307200	2308600
0.163796	2308600	2310000
0.163796	2310000	2311400
0.163796	2311400	2312800
0.163796	2312800	2314200
0.163796	2314200	2315600
0.163797	2315600	2317000
0.163797	2317000	2318400
0.163797	2318400	2319800
0.163797	2319800	2321200
0.163797	2321200	2322600
0.163797	2322600	2324000
0.163797	2324000	2325400
0.163797	2325400	2326800
0.163797	2326800	2328200
0.163797	2328200	2329600
0.163797	2329600	2331000
0.163797	2331000	2332400
0.163797	2332400	2333800
0.163797	2333800	2335200
0.163798	2335200	2336600
0.163798	2336600	2338000
0.163798	2338000	2339400
0.163896	2339400	2340800
0.163896	2340800	2342200
0.163896	2342200	2343600
0.163896	2343600	2345000
0.163896	2345000	2346400
0.163896	2346400	2347800
0.163896	2347800	2349200
0.163896	2349200	2350600
0.163896	2350600	2352000
0.163896	2352000	2353400
0.163897	2353400	2354800
0.163897	2354800	2356200
0.163897	2356200	2357600
0.163897	2357600	2359000
0.163897	2359000	2360400
0.163897	2360400	2361800
0.163897	2361800	2363200
0.163897	2363200	2364600
0.163897	2364600	2366000
0.163897	2366000	2367400
0.163897	2367400	2368800
0.163897	2368800	2370200
0.163897	2370200	2371600
0.163897	2371600	2373000
0.163898	2373000	2374400
0.163996	2374400	2375800
0.163996	2375800	2377200
0.163996	2377200	2378600
0.163996	2378600	2380000
0.163996	2380000	2381400
0.163996	2381400	2382800
0.163996	2382800	2384200
0.163996	2384200	2385600
0.163996	2385600	2387000
0.163996	2387000	2388400
0.163997	2388400	2389800
0.163997	2389800	2391200
0.163997	2391200	2392600
0.163997	2392600	2394000
0.163997	2394000	2395400
0.163997	2395400	2396800
0.163997	2396800	2398200
0.163997	2398200	2399600
0.163997	2399600	2401000
0.163997	2401000	2402400
0.163997	2402400	2403800
0.163997	2403800	2405200
0.163997	2405200	2406600
0.163997	2406600	2408000
0.163998	2408000	2409400
0.163998	2409400	2410800
0.163998	2410800	2412200
0.164096	2412200	2413600
0.164096	2413600	2415000
0.164096	2415000	2416400
0.164096	2416400	2417800
0.164096	2417800	2419200
0.164096	2419200	2420600
0.164096	2420600	2422000
0.164096	2422000	2423400
0.164096	2423400	2424800
0.164096	2424800	2426200
0.164097	2426200	2427600
0.164097	2427600	2429000
0.164097	2429000	2430400
0.164097	2430400	2431800
0.164097	2431800	2433200
0.164097	2433200	2434600
0.164097	2434600	2436000
0.164097	2436000	2437400
0.164097	2437400	2438800
0.164097	2438800	2440200
0.164097	2440200	2441600
0.164097	2441600	2443000
0.164097	2443000	2444400
0.164308	2444400	2445800
0.164308	2445800	2447200
0.164309	2447200	2448600
0.164309	2448600	2450000
0.164309	2450000	2451400
0.164309	2451400	2452800
0.164309	2452800	2454200
0.164309	2454200	2455600
0.164309	2455600	2457000
0.164309	2457000	2458400
0.164309	2458400	2459800
0.164309	2459800	2461200
0.164309	2461200	2462600
0.164309	2462600	2464000
0.164309	2464000	2465400
0.16431	2465400	2466800
0.16431	2466800	2468200
0.16431	2468200	2469600
0.16431	2469600	2471000
0.16431	2471000	2472400
0.16431	2472400	2473800
0.16431	2473800	2475200
0.16431	2475200	2476600
0.16431	2476600	2478000
0.16431	2478000	2479400
0.16431	2479400	2480800
0.16431	2480800	2482200
0.16431	2482200	2483600
0.16431	2483600	2485000
0.164311	2485000	2486400
0.164311	2486400	2487800
0.164613	2487800	2489200
0.164613	2489200	2490600
0.164613	2490600	2492000
0.164613	2492000	2493400
0.164613	2493400	2494800
0.164613	2494800	2496200
0.164613	2496200	2497600
0.164613	2497600	2499000
0.164613	2499000	2500400
0.164613	2500400	2501800
0.164613	2501800	2503200
0.164613	2503200	2504600
0.164613	2504600	2506000
0.164614	2506000	2507400
0.164614	2507400	2508800
0.164614	2508800	2510200
0.164614	2510200	2511600
0.164614	2511600	2513000
0.164614	2513000	2514400
0.164614	2514400	2515800
0.164614	2515800	2517200
0.164614	2517200	2518600
0.164614	2518600	2520000
0.164614	2520000	2521400
0.164614	2521400	2522800
0.164614	2522800	2524200
0.164615	2524200	2525600
0.164615	2525600	2527000
0.164615	2527000	2528400
0.164615	2528400	2529800
0.164615	2529800	2531200
0.164615	2531200	2532600
0.164615	2532600	2534000
0.164615	2534000	2535400
0.164615	2535400	2536800
0.164615	2536800	2538200
0.164615	2538200	2539600
0.164615	2539600	2541000
0.164615	2541000	2542400
0.164615	2542400	2543800
0.164616	2543800	2545200
0.164616	2545200	2546600
0.164616	2546600	2548000
0.164616	2548000	2549400
0.164616	2549400	2550800
0.164616	2550800	2552200
0.164616	2552200	2553600
0.164616	2553600	2555000
0.164616	2555000	2556400
0.164616	2556400	2557800
0.164616	2557800	2559200
0.164616	2559200	2560600
0.164616	2560600	2562000
0.164617	2562000	2563400
0.164617	2563400	2564800
0.164617	2564800	2566200
0.164617	2566200	2567600
0.164617	2567600	2569000
0.164617	2569000	2570400
0.164617	2570400	2571800
0.164617	2571800	2573200
0.164617	2573200	2574600
0.164617	2574600	2576000
0.164617	2576000	2577400
0.164717	2577400	2578800
0.164717	2578800	2580200
0.164717	2580200	2581600
0.164717	2581600	2583000
0.164717	2583000	2584400
0.164717	2584400	2585800
0.164717	2585800	2587200
0.164717	2587200	2588600
0.164717	2588600	2590000
0.164717	2590000	2591400
0.164717	2591400	2592800
0.164718	2592800	2594200
0.164718	2594200	2595600
0.164718	2595600	2597000
0.164718	2597000	2598400
0.164718	2598400	2599800
0.164718	2599800	2601200
0.164718	2601200	2602600
0.166396	2602600	2604000
0.166396	2604000	2605400
0.166396	2605400	2606800
0.166396	2606800	2608200
0.166396	2608200	2609600
0.166396	2609600	2611000
0.166396	2611000	2612400
0.166396	2612400	2613800
0.166396	2613800	2615200
0.166396	2615200	2616600
0.166397	2616600	2618000
0.166397	2618000	2619400
0.166397	2619400	2620800
0.166397	2620800	2622200
0.166397	2622200	2623600
0.166397	2623600	2625000
0.166397	2625000	2626400
0.166397	2626400	2627800
0.166397	2627800	2629200
0.166397	2629200	2630600
0.166397	2630600	2632000
0.166397	2632000	2633400
0.166397	2633400	2634800
0.166397	2634800	2636200
0.166398	2636200	2637600
0.166398	2637600	2639000
0.166398	2639000	2640400
0.166398	2640400	2641800
0.166398	2641800	2643200
0.166398	2643200	2644600
0.166398	2644600	2646000
0.166596	2646000	2647400
0.166596	2647400	2648800
0.166596	2648800	2650200
0.166596	2650200	2651600
0.166596	2651600	2653000
0.166596	2653000	2654400
0.166596	2654400	2655800
0.166596	2655800	2657200
0.166596	2657200	2658600
0.166596	2658600	2660000
0.166597	2660000	2661400
0.166597	2661400	2662800
0.166597	2662800	2664200
0.166597	2664200	2665600
0.166597	2665600	2667000
0.166597	2667000	2668400
0.166597	2668400	2669800
0.166597	2669800	2671200
0.166597	2671200	2672600
0.166597	2672600	2674000
0.166597	2674000	2675400
0.166597	2675400	2676800
0.166597	2676800	2678200
0.166597	2678200	2679600
0.166598	2679600	2681000
0.166598	2681000	2682400
0.166598	2682400	2683800
0.166598	2683800	2685200
0.166598	2685200	2686600
0.166598	2686600	2688000
0.166598	2688000	2689400
0.166598	2689400	2690800
0.166598	2690800	2692200
0.166598	2692200	2693600
0.166598	2693600	2695000
0.166598	2695000	2696400
0.166598	2696400	2697800
0.166599	2697800	2699200
0.166599	2699200	2700600
0.166599	2700600	2702000
0.166599	2702000	2703400
0.166599	2703400	2704800
0.166599	2704800	2706200
0.166599	2706200	2707600
0.166599	2707600	2709000
0.166599	2709000	2710400
0.166599	2710400	2711800
0.166599	2711800	2713200
0.166599	2713200	2714600
0.166599	2714600	2716000
0.1666	2716000	2717400
0.1666	2717400	2718800
0.1666	2718800	2720200
0.1666	2720200	2721600
0.1666	2721600	2723000
0.1666	2723000	2724400
0.1666	2724400	2725800
0.1666	2725800	2727200
0.1666	2727200	2728600
0.1666	2728600	2730000
0.1666	2730000	2731400
0.1666	2731400	2732800
0.1666	2732800	2734200
0.1666	2734200	2735600
0.166696	2735600	2737000
0.166696	2737000	2738400
0.166696	2738400	2739800
0.166696	2739800	2741200
0.166696	2741200	2742600
0.166696	2742600	2744000
0.166696	2744000	2745400
0.166696	2745400	2746800
0.166696	2746800	2748200
0.166696	2748200	2749600
0.166697	2749600	2751000
0.166697	2751000	2752400
0.166697	2752400	2753800
0.166697	2753800	2755200
0.166697	2755200	2756600
0.166697	2756600	2758000
0.166697	2758000	2759400
0.166697	2759400	2760800
0.166697	2760800	2762200
0.166697	2762200	2763600
0.166697	2763600	2765000
0.166697	2765000	2766400
0.166697	2766400	2767800
0.166697	2767800	2769200
0.166698	2769200	2770600
0.166698	2770600	2772000
0.166698	2772000	2773400
0.166698	2773400	2774800
0.166698	2774800	2776200
0.166698	2776200	2777600
0.166698	2777600	2779000
0.166698	2779000	2780400
0.166698	2780400	2781800
0.166698	2781800	2783200
0.166698	2783200	2784600
0.166698	2784600	2786000
0.166698	2786000	2787400
0.166699	2787400	2788800
0.166699	2788800	2790200
0.166699	2790200	2791600
0.166796	2791600	2793000
0.166796	2793000	2794400
0.166796	2794400	2795800
0.166796	2795800	2797200
0.166796	2797200	2798600
0.166796	2798600	2800000
0.166796	2800000	2801400
0.166796	2801400	2802800
0.166796	2802800	2804200
0.166796	2804200	2805600
0.166797	2805600	2807000
0.166797	2807000	2808400
0.166797	2808400	2809800
0.166797	2809800	2811200
0.166797	2811200	2812600
0.166797	2812600	2814000
0.166797	2814000	2815400
0.166797	2815400	2816800
0.166797	2816800	2818200
0.166797	2818200	2819600
0.166797	2819600	2821000
0.166797	2821000	2822400
0.166797	2822400	2823800
0.166797	2823800	2825200
0.166798	2825200	2826600
0.166798	2826600	2828000
0.166896	2828000	2829400
0.166896	2829400	2830800
0.166896	2830800	2832200
0.166896	2832200	2833600
0.166896	2833600	2835000
0.166896	2835000	2836400
0.166896	2836400	2837800
0.166896	2837800	2839200
0.166896	2839200	2840600
0.166896	2840600	2842000
0.166897	2842000	2843400
0.166897	2843400	2844800
0.166897	2844800	2846200
0.166897	2846200	2847600
0.166897	2847600	2849000
0.166897	2849000	2850400
0.166897	2850400	2851800
0.166897	2851800	2853200
0.166897	2853200	2854600
0.166897	2854600	2856000
0.166897	2856000	2857400
0.166897	2857400	2858800
0.166897	2858800	2860200
0.166897	2860200	2861600
0.166898	2861600	2863000
0.166898	2863000	2864400
0.166898	2864400	2865800
0.166996	2865800	2867200
0.166996	2867200	2868600
0.166996	2868600	2870000
0.166996	2870000	2871400
0.166996	2871400	2872800
0.166996	2872800	2874200
0.166996	2874200	2875600
0.166996	2875600	2877000
0.166996	2877000	2878400
0.166996	2878400	2879800
0.166997	2879800	2881200
0.166997	2881200	2882600
0.166997	2882600	2884000
0.166997	2884000	2885400
0.166997	2885400	2886800
0.166997	2886800	2888200
0.166997	2888200	2889600
0.166997	2889600	2891000
0.166997	2891000	2892400
0.166997	2892400	2893800
0.166997	2893800	2895200
0.166997	2895200	2896600
0.166997	2896600	2898000
0.166997	2898000	2899400
0.167096	2899400	2900800
0.167096	2900800	2902200
0.167096	2902200	2903600
0.167096	2903600	2905000
0.167096	2905000	2906400
0.167096	2906400	2907800
0.167096	2907800	2909200
0.167096	2909200	2910600
0.167096	2910600	2912000
0.167096	2912000	2913400
0.167097	2913400	2914800
0.167097	2914800	2916200
0.167097	2916200	2917600
0.167097	2917600	2919000
0.167097	2919000	2920400
0.167097	2920400	2921800
0.167097	2921800	2923200
0.167097	2923200	2924600
0.167097	2924600	2926000
0.167097	2926000	2927400
0.167097	2927400	2928800
0.167097	2928800	2930200
0.167097	2930200	2931600
0.167097	2931600	2933000
0.167098	2933000	2934400
0.167196	2934400	2935800
0.167196	2935800	2937200
0.167196	2937200	2938600
0.167196	2938600	2940000
0.167196	2940000	2941400
0.167196	2941400	2942800
0.167196	2942800	2944200
0.167196	2944200	2945600
0.167196	2945600	2947000
0.167196	2947000	2948400
0.167197	2948400	2949800
0.167197	2949800	2951200
0.167197	2951200	2952600
0.167197	2952600	2954000
0.167197	2954000	2955400
0.167197	2955400	2956800
0.167197	2956800	2958200
0.167197	2958200	2959600
0.167197	2959600	2961000
0.167197	2961000	2962400
0.167197	2962400	2963800
0.167197	2963800	2965200
0.167197	2965200	2966600
0.167496	2966600	2968000
0.167496	2968000	2969400
0.167496	2969400	2970800
0.167496	2970800	2972200
0.167496	2972200	2973600
0.167496	2973600	2975000
0.167496	2975000	2976400
0.167496	2976400	2977800
0.167496	2977800	2979200
0.167496	2979200	2980600
0.167497	2980600	2982000
0.167497	2982000	2983400
0.167497	2983400	2984800
0.167497	2984800	2986200
0.167497	2986200	2987600
0.167497	2987600	2989000
0.167497	2989000	2990400
0.167497	2990400	2991800
0.167497	2991800	2993200
0.167497	2993200	2994600
0.167497	2994600	2996000
0.167497	2996000	2997400
0.167497	2997400	2998800
0.167497	2998800	3000200
0.167498	3000200	3001600
0.167498	3001600	3003000
0.167498	3003000	3004400
0.167498	3004400	3005800
0.167498	3005800	3007200
0.167498	3007200	3008600
0.167498	3008600	3010000
0.167796	3010000	3011400
0.167796	3011400	3012800
0.167796	3012800	3014200
0.167796	3014200	3015600
0.167796	3015600	3017000
0.167796	3017000	3018400
0.167796	3018400	3019800
0.167796	3019800	3021200
0.167796	3021200	3022600
0.167796	3022600	3024000
0.167797	3024000	3025400
0.167797	3025400	3026800
0.167797	3026800	3028200
0.167797	3028200	3029600
0.167797	3029600	3031000
0.167797	3031000	3032400
0.167797	3032400	3033800
0.167797	3033800	3035200
0.167797	3035200	3036600
0.167797	3036600	3038000
0.167797	3038000	3039400
0.167797	3039400	3040800
0.167797	3040800	3042200
0.167797	3042200	3043600
0.167798	3043600	3045000
0.167798	3045000	3046400
0.167798	3046400	3047800
0.167798	3047800	3049200
0.167798	3049200	3050600
0.167798	3050600	3052000
0.167798	3052000	3053400
0.167798	3053400	3054800
0.167798	3054800	3056200
0.167798	3056200	3057600
0.167798	3057600	3059000
0.167798	3059000	3060400
0.167798	3060400	3061800
0.167799	3061800	3063200
0.167799	3063200	3064600
0.167799	3064600	3066000
0.167799	3066000	3067400
0.167799	3067400	3068800
0.167799	3068800	3070200
0.167799	3070200	3071600
0.167799	3071600	3073000
0.167799	3073000	3074400
0.167799	3074400	3075800
0.167799	3075800	3077200
0.167799	3077200	3078600
0.167799	3078600	3080000
0.1678	3080000	3081400
0.1678	3081400	3082800
0.1678	3082800	3084200
0.1678	3084200	3085600
0.1678	3085600	3087000
0.1678	3087000	3088400
0.1678	3088400	3089800
0.1678	3089800	3091200
0.1678	3091200	3092600
0.1678	3092600	3094000
0.1678	3094000	3095400
0.1678	3095400	3096800
0.1678	3096800	3098200
0.1678	3098200	3099600
0.167801	3099600	3101000
0.167801	3101000	3102400
0.167801	3102400	3103800
0.167801	3103800	3105200
0.167801	3105200	3106600
0.167801	3106600	3108000
0.167801	3108000	3109400
0.167801	3109400	3110800
0.167801	3110800	3112200
0.167801	3112200	3113600
0.167801	3113600	3115000
0.167801	3115000	3116400
0.167801	3116400	3117800
0.167802	3117800	3119200
0.167802	3119200	3120600
0.167802	3120600	3122000
0.167802	3122000	3123400
0.167802	3123400	3124800
0.167802	3124800	3126200
0.167802	3126200	3127600
0.167802	3127600	3129000
0.167802	3129000	3130400
0.167802	3130400	3131800
0.167802	3131800	3133200
0.167802	3133200	3134600
0.167802	3134600	3136000
0.167803	3136000	3137400
0.167803	3137400	3138800
0.167803	3138800	3140200
0.167803	3140200	3141600
0.167803	3141600	3143000
0.167803	3143000	3144400
0.167996	3144400	3145800
0.167996	3145800	3147200
0.167996	3147200	3148600
0.167996	3148600	3150000
0.167996	3150000	3151400
0.167996	3151400	3152800
0.167996	3152800	3154200
0.167996	3154200	3155600
0.167996	3155600	3157000
0.167996	3157000	3158400
0.167997	3158400	3159800
0.167997	3159800	3161200
0.167997	3161200	3162600
0.167997	3162600	3164000
0.167997	3164000	3165400
0.167997	3165400	3166800
0.167997	3166800	3168200
0.167997	3168200	3169600
0.167997	3169600	3171000
0.167997	3171000	3172400
0.167997	3172400	3173800
0.167997	3173800	3175200
0.167997	3175200	3176600
0.167997	3176600	3178000
0.167998	3178000	3179400
0.167998	3179400	3180800
0.167998	3180800	3182200
0.167998	3182200	3183600
0.167998	3183600	3185000
0.167998	3185000	3186400
0.167998	3186400	3187800
0.167998	3187800	3189200
0.167998	3189200	3190600
0.167998	3190600	3192000
0.167998	3192000	3193400
0.167998	3193400	3194800
0.167998	3194800	3196200
0.167999	3196200	3197600
0.167999	3197600	3199000
0.167999	3199000	3200400
0.167999	3200400	3201800
0.167999	3201800	3203200
0.167999	3203200	3204600
0.167999	3204600	3206000
0.167999	3206000	3207400
0.167999	3207400	3208800
0.167999	3208800	3210200
0.167999	3210200	3211600
0.167999	3211600	3213000
0.167999	3213000	3214400
0.168	3214400	3215800
0.168	3215800	3217200
0.168	3217200	3218600
0.168096	3218600	3220000
0.168096	3220000	3221400
0.168096	3221400	3222800
0.168096	3222800	3224200
0.168096	3224200	3225600
0.168096	3225600	3227000
0.168096	3227000	3228400
0.168096	3228400	3229800
0.168096	3229800	3231200
0.168096	3231200	3232600
0.168097	3232600	3234000
0.168097	3234000	3235400
0.168097	3235400	3236800
0.168097	3236800	3238200
0.168097	3238200	3239600
0.168097	3239600	3241000
0.168097	3241000	3242400
0.168097	3242400	3243800
0.168097	3243800	3245200
0.168097	3245200	3246600
0.168097	3246600	3248000
0.168097	3248000	3249400
0.168097	3249400	3250800
0.168097	3250800	3252200
0.168098	3252200	3253600
0.168098	3253600	3255000
0.168098	3255000	3256400
0.168196	3256400	3257800
0.168196	3257800	3259200
0.168196	3259200	3260600
0.168196	3260600	3262000
0.168196	3262000	3263400
0.168196	3263400	3264800
0.168196	3264800	3266200
0.168196	3266200	3267600
0.168196	3267600	3269000
0.168196	3269000	3270400
0.168197	3270400	3271800
0.168197	3271800	3273200
0.168197	3273200	3274600
0.168197	3274600	3276000
0.168197	3276000	3277400
0.168197	3277400	3278800
0.168197	3278800	3280200
0.168197	3280200	3281600
0.168197	3281600	3283000
0.168197	3283000	3284400
0.168197	3284400	3285800
0.168197	3285800	3287200
0.168197	3287200	3288600
0.168396	3288600	3290000
0.168396	3290000	3291400
0.168396	3291400	3292800
0.168396	3292800	3294200
0.168396	3294200	3295600
0.168396	3295600	3297000
0.168396	3297000	3298400
0.168396	3298400	3299800
0.168396	3299800	3301200
0.168396	3301200	3302600
0.168397	3302600	3304000
0.168397	3304000	3305400
0.168397	3305400	3306800
0.168397	3306800	3308200
0.168397	3308200	3309600
0.168397	3309600	3311000
0.168397	3311000	3312400
0.168397	3312400	3313800
0.168397	3313800	3315200
0.168397	3315200	3316600
0.168397	3316600	3318000
0.168397	3318000	3319400
0.168496	3319400	3320800
0.168496	3320800	3322200
0.168496	3322200	3323600
0.168496	3323600	3325000
0.168496	3325000	3326400
0.168496	3326400	3327800
0.168496	3327800	3329200
0.168496	3329200	3330600
0.168496	3330600	3332000
0.168496	3332000	3333400
0.168497	3333400	3334800
0.168497	3334800	3336200
0.168497	3336200	3337600
0.168497	3337600	3339000
0.168497	3339000	3340400
0.168497	3340400	3341800
0.168497	3341800	3343200
0.168497	3343200	3344600
0.168497	3344600	3346000
0.168497	3346000	3347400
0.168497	3347400	3348800
0.168497	3348800	3350200
0.168497	3350200	3351600
0.168497	3351600	3353000
0.168498	3353000	3354400
0.168498	3354400	3355800
0.168696	3355800	3357200
0.168696	3357200	3358600
0.168696	3358600	3360000
0.168696	3360000	3361400
0.168696	3361400	3362800
0.168696	3362800	3364200
0.168696	3364200	3365600
0.168696	3365600	3367000
0.168696	3367000	3368400
0.168696	3368400	3369800
0.168697	3369800	3371200
0.168697	3371200	3372600
0.168697	3372600	3374000
0.168697	3374000	3375400
0.168697	3375400	3376800
0.168697	3376800	3378200
0.168697	3378200	3379600
0.168697	3379600	3381000
0.168697	3381000	3382400
0.168697	3382400	3383800
0.168697	3383800	3385200
0.168697	3385200	3386600
0.168697	3386600	3388000
0.168697	3388000	3389400
0.168698	3389400	3390800
0.168698	3390800	3392200
0.168698	3392200	3393600
0.168698	3393600	3395000
0.168698	3395000	3396400
0.168698	3396400	3397800
0.168698	3397800	3399200
0.168796	3399200	3400600
0.168796	3400600	3402000
0.168796	3402000	3403400
0.168796	3403400	3404800
0.168796	3404800	3406200
0.168796	3406200	3407600
0.168796	3407600	3409000
0.168796	3409000	3410400
0.168796	3410400	3411800
0.168796	3411800	3413200
0.168797	3413200	3414600
0.168797	3414600	3416000
0.168797	3416000	3417400
0.168797	3417400	3418800
0.168797	3418800	3420200
0.168797	3420200	3421600
0.168797	3421600	3423000
0.168797	3423000	3424400
0.168797	3424400	3425800
0.168797	3425800	3427200
0.168797	3427200	3428600
0.168797	3428600	3430000
0.168797	3430000	3431400
0.168797	3431400	3432800
0.168798	3432800	3434200
0.168798	3434200	3435600
0.168798	3435600	3437000
0.168798	3437000	3438400
0.168798	3438400	3439800
0.168798	3439800	3441200
0.168798	3441200	3442600
0.168798	3442600	3444000
0.168798	3444000	3445400
0.168798	3445400	3446800
0.168798	3446800	3448200
0.168798	3448200	3449600
0.168798	3449600	3451000
0.168799	3451000	3452400
0.168799	3452400	3453800
0.168799	3453800	3455200
0.168799	3455200	3456600
0.168799	3456600	3458000
0.168799	3458000	3459400
0.168799	3459400	3460800
0.168799	3460800	3462200
0.168896	3462200	3463600
0.168896	3463600	3465000
0.168896	3465000	3466400
0.168896	3466400	3467800
0.168896	3467800	3469200
0.168896	3469200	3470600
0.168896	3470600	3472000
0.168896	3472000	3473400
0.168896	3473400	3474800
0.168896	3474800	3476200
0.168897	3476200	3477600
0.168897	3477600	3479000
0.168897	3479000	3480400
0.168897	3480400	3481800
0.168897	3481800	3483200
0.168897	3483200	3484600
0.168897	3484600	3486000
0.168897	3486000	3487400
0.168897	3487400	3488800
0.168897	3488800	3490200
0.168897	3490200	3491600
0.168897	3491600	3493000
0.168897	3493000	3494400
0.168897	3494400	3495800
0.168898	3495800	3497200
0.168996	3497200	3498600
0.168996	3498600	3500000
0.168996	3500000	3501400
0.168996	3501400	3502800
0.168996	3502800	3504200
0.168996	3504200	3505600
0.168996	3505600	3507000
0.168996	3507000	3508400
0.168996	3508400	3509800
0.168996	3509800	3511200
0.168997	3511200	3512600
0.168997	3512600	3514000
0.168997	3514000	3515400
0.168997	3515400	3516800
0.168997	3516800	3518200
0.168997	3518200	3519600
0.168997	3519600	3521000
0.168997	3521000	3522400
0.168997	3522400	3523800
0.168997	3523800	3525200
0.168997	3525200	3526600
0.168997	3526600	3528000
0.168997	3528000	3529400
0.168997	3529400	3530800
0.168998	3530800	3532200
0.168998	3532200	3533600
0.169196	3533600	3535000
0.169196	3535000	3536400
0.169196	3536400	3537800
0.169196	3537800	3539200
0.169196	3539200	3540600
0.169196	3540600	3542000
0.169196	3542000	3543400
0.169196	3543400	3544800
0.169196	3544800	3546200
0.169196	3546200	3547600
0.169197	3547600	3549000
0.169197	3549000	3550400
0.169197	3550400	3551800
0.169197	3551800	3553200
0.169197	3553200	3554600
0.169197	3554600	3556000
0.169197	3556000	3557400
0.169197	3557400	3558800
0.169197	3558800	3560200
0.169197	3560200	3561600
0.169197	3561600	3563000
0.169197	3563000	3564400
0.169197	3564400	3565800
0.169197	3565800	3567200
0.169198	3567200	3568600
0.169198	3568600	3570000
0.169198	3570000	3571400
0.169198	3571400	3572800
0.169198	3572800	3574200
0.169198	3574200	3575600
0.169198	3575600	3577000
0.169296	3577000	3578400
0.169296	3578400	3579800
0.169296	3579800	3581200
0.169296	3581200	3582600
0.169296	3582600	3584000
0.169296	3584000	3585400
0.169296	3585400	3586800
0.169296	3586800	3588200
0.169296	3588200	3589600
0.169296	3589600	3591000
0.169297	3591000	3592400
0.169297	3592400	3593800
0.169297	3593800	3595200
0.169297	3595200	3596600
0.169297	3596600	3598000
0.169297	3598000	3599400
0.169297	3599400	3600800
0.169297	3600800	3602200
0.169297	3602200	3603600
0.169496	3603600	3605000
0.169496	3605000	3606400
0.169496	3606400	3607800
0.169496	3607800	3609200
0.169496	3609200	3610600
0.169496	3610600	3612000
0.169496	3612000	3613400
0.169496	3613400	3614800
0.169496	3614800	3616200
0.169496	3616200	3617600
0.169497	3617600	3619000
0.169497	3619000	3620400
0.169497	3620400	3621800
0.169497	3621800	3623200
0.169497	3623200	3624600
0.169497	3624600	3626000
0.169497	3626000	3627400
0.169497	3627400	3628800
0.169497	3628800	3630200
0.169497	3630200	3631600
0.169497	3631600	3633000
0.169497	3633000	3634400
0.169497	3634400	3635800
0.169497	3635800	3637200
0.169498	3637200	3638600
0.169498	3638600	3640000
0.169498	3640000	3641400
0.169498	3641400	3642800
0.169498	3642800	3644200
0.169498	3644200	3645600
0.169498	3645600	3647000
0.169696	3647000	3648400
0.169696	3648400	3649800
0.169696	3649800	3651200
0.169696	3651200	3652600
0.169696	3652600	3654000
0.169696	3654000	3655400
0.169696	3655400	3656800
0.169696	3656800	3658200
0.169696	3658200	3659600
0.169696	3659600	3661000
0.169697	3661000	3662400
0.169697	3662400	3663800
0.169697	3663800	3665200
0.169697	3665200	3666600
0.169697	3666600	3668000
0.169697	3668000	3669400
0.169697	3669400	3670800
0.169697	3670800	3672200
0.169697	3672200	3673600
0.169697	3673600	3675000
0.169697	3675000	3676400
0.169697	3676400	3677800
0.169697	3677800	3679200
0.169697	3679200	3680600
0.169698	3680600	3682000
0.169698	3682000	3683400
0.169698	3683400	3684800
0.169698	3684800	3686200
0.169698	3686200	3687600
0.169698	3687600	3689000
0.169698	3689000	3690400
0.169698	3690400	3691800
0.169698	3691800	3693200
0.169698	3693200	3694600
0.169698	3694600	3696000
0.169698	3696000	3697400
0.169698	3697400	3698800
0.169699	3698800	3700200
0.169699	3700200	3701600
0.169699	3701600	3703000
0.169699	3703000	3704400
0.169699	3704400	3705800
0.169699	3705800	3707200
0.169699	3707200	3708600
0.169699	3708600	3710000
0.169699	3710000	3711400
0.169699	3711400	3712800
0.169699	3712800	3714200
0.169699	3714200	3715600
0.169699	3715600	3717000
0.1697	3717000	3718400
0.1697	3718400	3719800
0.1697	3719800	3721200
0.1697	3721200	3722600
0.1697	3722600	3724000
0.1697	3724000	3725400
0.1697	3725400	3726800
0.1697	3726800	3728200
0.1697	3728200	3729600
0.1697	3729600	3731000
0.1697	3731000	3732400
0.1697	3732400	3733800
0.1697	3733800	3735200
0.1697	3735200	3736600
0.169796	3736600	3738000
0.169796	3738000	3739400
0.169796	3739400	3740800
0.169796	3740800	3742200
0.169796	3742200	3743600
0.169796	3743600	3745000
0.169796	3745000	3746400
0.169796	3746400	3747800
0.169796	3747800	3749200
0.169796	3749200	3750600
0.169797	3750600	3752000
0.169797	3752000	3753400
0.169797	3753400	3754800
0.169797	3754800	3756200
0.169797	3756200	3757600
0.169797	3757600	3759000
0.169797	3759000	3760400
0.169797	3760400	3761800
0.169797	3761800	3763200
0.169797	3763200	3764600
0.169797	3764600	3766000
0.169797	3766000	3767400
0.169797	3767400	3768800
0.169797	3768800	3770200
0.169798	3770200	3771600
0.169798	3771600	3773000
0.169798	3773000	3774400
0.169798	3774400	3775800
0.169798	3775800	3777200
0.169798	3777200	3778600
0.169798	3778600	3780000
0.169798	3780000	3781400
0.169798	3781400	3782800
0.169798	3782800	3784200
0.169798	3784200	3785600
0.169996	3785600	3787000
0.169996	3787000	3788400
0.169996	3788400	3789800
0.169996	3789800	3791200
0.169996	3791200	3792600
0.169996	3792600	3794000
0.169996	3794000	3795400
0.169996	3795400	3796800
0.169996	3796800	3798200
0.169996	3798200	3799600
0.169997	3799600	3801000
0.169997	3801000	3802400
0.169997	3802400	3803800
0.169997	3803800	3805200
0.169997	3805200	3806600
0.169997	3806600	3808000
0.169997	3808000	3809400
0.169997	3809400	3810800
0.169997	3810800	3812200
0.169997	3812200	3813600
0.169997	3813600	3815000
0.169997	3815000	3816400
0.169997	3816400	3817800
0.169997	3817800	3819200
0.169998	3819200	3820600
0.169998	3820600	3822000
0.169998	3822000	3823400
0.169998	3823400	3824800
0.169998	3824800	3826200
0.169998	3826200	3827600
0.169998	3827600	3829000
0.169998	3829000	3830400
0.169998	3830400	3831800
0.169998	3831800	3833200
0.169998	3833200	3834600
0.169998	3834600	3836000
0.169998	3836000	3837400
0.169999	3837400	3838800
0.169999	3838800	3840200
0.169999	3840200	3841600
0.169999	3841600	3843000
0.169999	3843000	3844400
0.169999	3844400	3845800
0.169999	3845800	3847200
0.169999	3847200	3848600
0.169999	3848600	3850000
0.169999	3850000	3851400
0.169999	3851400	3852800
0.169999	3852800	3854200
0.169999	3854200	3855600
0.17	3855600	3857000
0.17	3857000	3858400
0.170096	3858400	3859800
0.170096	3859800	3861200
0.170096	3861200	3862600
0.170096	3862600	3864000
0.170096	3864000	3865400
0.170096	3865400	3866800
0.170096	3866800	3868200
0.170096	3868200	3869600
0.170096	3869600	3871000
0.170096	3871000	3872400
0.170097	3872400	3873800
0.170097	3873800	3875200
0.170097	3875200	3876600
0.170097	3876600	3878000
0.170097	3878000	3879400
0.170097	3879400	3880800
0.170097	3880800	3882200
0.170097	3882200	3883600
0.170097	3883600	3885000
0.170097	3885000	3886400
0.170097	3886400	3887800
0.170097	3887800	3889200
0.170097	3889200	3890600
0.170097	3890600	3892000
0.170098	3892000	3893400
0.170196	3893400	3894800
0.170196	3894800	3896200
0.170196	3896200	3897600
0.170196	3897600	3899000
0.170196	3899000	3900400
0.170196	3900400	3901800
0.170196	3901800	3903200
0.170196	3903200	3904600
0.170196	3904600	3906000
0.170196	3906000	3907400
0.170197	3907400	3908800
0.170197	3908800	3910200
0.170197	3910200	3911600
0.170197	3911600	3913000
0.170197	3913000	3914400
0.170197	3914400	3915800
0.170197	3915800	3917200
0.170197	3917200	3918600
0.170197	3918600	3920000
0.170197	3920000	3921400
0.170197	3921400	3922800
0.170197	3922800	3924200
0.170197	3924200	3925600
0.170496	3925600	3927000
0.170496	3927000	3928400
0.170496	3928400	3929800
0.170496	3929800	3931200
0.170496	3931200	3932600
0.170496	3932600	3934000
0.170496	3934000	3935400
0.170496	3935400	3936800
0.170496	3936800	3938200
0.170496	3938200	3939600
0.170497	3939600	3941000
0.170497	3941000	3942400
0.170497	3942400	3943800
0.170497	3943800	3945200
0.170497	3945200	3946600
0.170497	3946600	3948000
0.170497	3948000	3949400
0.170497	3949400	3950800
0.170497	3950800	3952200
0.170497	3952200	3953600
0.170497	3953600	3955000
0.170497	3955000	3956400
0.170497	3956400	3957800
0.170497	3957800	3959200
0.170498	3959200	3960600
0.170498	3960600	3962000
0.170498	3962000	3963400
0.170498	3963400	3964800
0.170498	3964800	3966200
0.170498	3966200	3967600
0.170498	3967600	3969000
0.170596	3969000	3970400
0.170596	3970400	3971800
0.170596	3971800	3973200
0.170596	3973200	3974600
0.170596	3974600	3976000
0.170596	3976000	3977400
0.170596	3977400	3978800
0.170596	3978800	3980200
0.170596	3980200	3981600
0.170596	3981600	3983000
0.170597	3983000	3984400
0.170597	3984400	3985800
0.170597	3985800	3987200
0.170597	3987200	3988600
0.170597	3988600	3990000
0.170597	3990000	3991400
0.170597	3991400	3992800
0.170597	3992800	3994200
0.170597	3994200	3995600
0.170597	3995600	3997000
0.170597	3997000	3998400
0.170597	3998400	3999800
0.170597	3999800	4001200
0.170597	4001200	4002600
0.170598	4002600	4004000
0.170598	4004000	4005400
0.170598	4005400	4006800
0.170598	4006800	4008200
0.170598	4008200	4009600
0.170598	4009600	4011000
0.170598	4011000	4012400
0.170598	4012400	4013800
0.170598	4013800	4015200
0.170598	4015200	4016600
0.170598	4016600	4018000
0.170598	4018000	4019400
0.170598	4019400	4020800
0.170599	4020800	4022200
0.170599	4022200	4023600
0.170599	4023600	4025000
0.170599	4025000	4026400
0.170599	4026400	4027800
0.170599	4027800	4029200
0.170599	4029200	4030600
0.170796	4030600	4032000
0.170796	4032000	4033400
0.170796	4033400	4034800
0.170796	4034800	4036200
0.170796	4036200	4037600
0.170796	4037600	4039000
0.170796	4039000	4040400
0.170796	4040400	4041800
0.170796	4041800	4043200
0.170796	4043200	4044600
0.170797	4044600	4046000
0.170797	4046000	4047400
0.170797	4047400	4048800
0.170797	4048800	4050200
0.170797	4050200	4051600
0.170797	4051600	4053000
0.170797	4053000	4054400
0.170797	4054400	4055800
0.170797	4055800	4057200
0.170797	4057200	4058600
0.170797	4058600	4060000
0.170797	4060000	4061400
0.170797	4061400	4062800
0.170797	4062800	4064200
0.170798	4064200	4065600
0.170798	4065600	4067000
0.170798	4067000	4068400
0.170798	4068400	4069800
0.170798	4069800	4071200
0.170798	4071200	4072600
0.170798	4072600	4074000
0.170996	4074000	4075400
0.170996	4075400	4076800
0.170996	4076800	4078200
0.170996	4078200	4079600
0.170996	4079600	4081000
0.170996	4081000	4082400
0.170996	4082400	4083800
0.170996	4083800	4085200
0.170996	4085200	4086600
0.170996	4086600	4088000
0.170997	4088000	4089400
0.170997	4089400	4090800
0.170997	4090800	4092200
0.170997	4092200	4093600
0.170997	4093600	4095000
0.170997	4095000	4096400
0.170997	4096400	4097800
0.170997	4097800	4099200
0.170997	4099200	4100600
0.170997	4100600	4102000
0.170997	4102000	4103400
0.170997	4103400	4104800
0.170997	4104800	4106200
0.170997	4106200	4107600
0.170998	4107600	4109000
0.170998	4109000	4110400
0.170998	4110400	4111800
0.170998	4111800	4113200
0.170998	4113200	4114600
0.170998	4114600	4116000
0.170998	4116000	4117400
0.170998	4117400	4118800
0.170998	4118800	4120200
0.170998	4120200	4121600
0.170998	4121600	4123000
0.170998	4123000	4124400
0.170998	4124400	4125800
0.170999	4125800	4127200
0.170999	4127200	4128600
0.170999	4128600	4130000
0.170999	4130000	4131400
0.170999	4131400	4132800
0.170999	4132800	4134200
0.170999	4134200	4135600
0.170999	4135600	4137000
0.170999	4137000	4138400
0.170999	4138400	4139800
0.170999	4139800	4141200
0.170999	4141200	4142600
0.170999	4142600	4144000
0.171	4144000	4145400
0.171	4145400	4146800
0.171	4146800	4148200
0.171	4148200	4149600
0.171	4149600	4151000
0.171	4151000	4152400
0.171	4152400	4153800
0.171	4153800	4155200
0.171	4155200	4156600
0.171	4156600	4158000
0.171	4158000	4159400
0.171	4159400	4160800
0.171	4160800	4162200
0.171	4162200	4163600
0.171096	4163600	4165000
0.171096	4165000	4166400
0.171096	4166400	4167800
0.171096	4167800	4169200
0.171096	4169200	4170600
0.171096	4170600	4172000
0.171096	4172000	4173400
0.171096	4173400	4174800
0.171096	4174800	4176200
0.171096	4176200	4177600
0.171097	4177600	4179000
0.171097	4179000	4180400
0.171097	4180400	4181800
0.171097	4181800	4183200
0.171097	4183200	4184600
0.171097	4184600	4186000
0.171097	4186000	4187400
0.171097	4187400	4188800
0.171097	4188800	4190200
0.171097	4190200	4191600
0.171097	4191600	4193000
0.171097	4193000	4194400
0.171097	4194400	4195800
0.171097	4195800	4197200
0.171098	4197200	4198600
0.171098	4198600	4200000
0.171098	4200000	4201400
0.171098	4201400	4202800
0.171098	4202800	4204200
0.171098	4204200	4205600
0.171098	4205600	4207000
0.171098	4207000	4208400
0.171098	4208400	4209800
0.171098	4209800	4211200
0.171098	4211200	4212600
0.171296	4212600	4214000
0.171296	4214000	4215400
0.171296	4215400	4216800
0.171296	4216800	4218200
0.171296	4218200	4219600
0.171296	4219600	4221000
0.171296	4221000	4222400
0.171296	4222400	4223800
0.171296	4223800	4225200
0.171296	4225200	4226600
0.171297	4226600	4228000
0.171297	4228000	4229400
0.171297	4229400	4230800
0.171297	4230800	4232200
0.171297	4232200	4233600
0.171297	4233600	4235000
0.171297	4235000	4236400
0.171297	4236400	4237800
0.171297	4237800	4239200
0.171297	4239200	4240600
0.171297	4240600	4242000
0.171297	4242000	4243400
0.171297	4243400	4244800
0.171297	4244800	4246200
0.171298	4246200	4247600
0.171396	4247600	4249000
0.171396	4249000	4250400
0.171396	4250400	4251800
0.171396	4251800	4253200
0.171396	4253200	4254600
0.171396	4254600	4256000
0.171396	4256000	4257400
0.171396	4257400	4258800
0.171396	4258800	4260200
0.171396	4260200	4261600
0.171397	4261600	4263000
0.171397	4263000	4264400
0.171397	4264400	4265800
0.171397	4265800	4267200
0.171397	4267200	4268600
0.171397	4268600	4270000
0.171397	4270000	4271400
0.171397	4271400	4272800
0.171397	4272800	4274200
0.171397	4274200	4275600
0.171397	4275600	4277000
0.171397	4277000	4278400
0.171397	4278400	4279800
0.171397	4279800	4281200
0.171398	4281200	4282600
0.171596	4282600	4284000
0.171596	4284000	4285400
0.171596	4285400	4286800
0.171596	4286800	4288200
0.171596	4288200	4289600
0.171596	4289600	4291000
0.171596	4291000	4292400
0.171596	4292400	4293800
0.171596	4293800	4295200
0.171596	4295200	4296600
0.171597	4296600	4298000
0.171597	4298000	4299400
0.171597	4299400	4300800
0.171597	4300800	4302200
0.171597	4302200	4303600
0.171597	4303600	4305000
0.171597	4305000	4306400
0.171597	4306400	4307800
0.171597	4307800	4309200
0.171597	4309200	4310600
0.171597	4310600	4312000
0.171597	4312000	4313400
0.171597	4313400	4314800
0.171597	4314800	4316200
0.171598	4316200	4317600
0.171598	4317600	4319000
0.171598	4319000	4320400
0.171598	4320400	4321800
0.171598	4321800	4323200
0.171598	4323200	4324600
0.171598	4324600	4326000
0.171896	4326000	4327400
0.171896	4327400	4328800
0.171896	4328800	3133200
