Rx 0.0219286 1 1 1 8 4714285
Rx 0.0239286 1 1 1 8 0
Rx 0.0259286 1 1 1 8 0
Rx 0.0279286 1 1 1 8 0
Rx 0.0294083 2 1 1 8 304160
Rx 0.0409286 1 1 1 2 0
Rx 0.0409286 1 1 1 16 4714285
Rx 0.0439286 1 1 1 2 0
Rx 0.0439286 1 1 1 2 0
Rx 0.0439286 1 1 1 16 0
Rx 0.0439286 1 1 1 16 0
Rx 0.0459286 1 1 1 2 0
Rx 0.0459286 1 1 1 2 0
Rx 0.0459286 1 1 1 16 0
Rx 0.0459286 1 1 1 16 0
Rx 0.0479286 1 1 1 2 0
Rx 0.0479286 1 1 1 2 0
Rx 0.0479286 1 1 1 16 0
Rx 0.0479286 1 1 1 16 0
Rx 0.0509286 1 1 1 2 0
Rx 0.0509286 1 1 1 2 0
Rx 0.0509286 1 1 1 7 4714285
Rx 0.0509286 1 1 1 7 4714285
Rx 0.0579286 1 1 1 2 0
Rx 0.0579286 1 1 1 2 0
Rx 0.0579286 1 1 1 7 0
Rx 0.0579286 1 1 1 7 0
Rx 0.103112 2 1 3 2 0
Rx 0.103112 2 1 3 62 308320
Rx 0.108208 2 1 3 2 0
Rx 0.108208 2 1 3 58 304160
Rx 0.113308 2 1 3 2 0
Rx 0.113308 2 1 3 114 304160
Rx 0.118408 2 1 3 2 0
Rx 0.118408 2 1 3 225 304160
Rx 0.123508 2 1 3 2 0
Rx 0.123508 2 1 3 391 304160
Rx 0.124608 2 1 3 2 0
Rx 0.126608 2 1 3 58 304160
Rx 0.128608 2 1 3 2 0
Rx 0.128608 2 1 3 724 304160
Rx 0.129708 2 1 3 2 0
Rx 0.131708 2 1 3 2 0
Rx 0.131708 2 1 3 169 304160
Rx 0.133708 2 1 3 2 0
Rx 0.133708 2 1 3 1390 304160
Rx 0.134808 2 1 3 2 0
Rx 0.136808 2 1 3 2 0
Rx 0.136808 2 1 3 391 304160
Rx 0.138808 2 1 3 2 0
Rx 0.138808 2 1 3 1768 304160
Rx 0.138912 2 1 3 959 308320
Rx 0.139908 2 1 3 2 0
Rx 0.141208 2 1 3 58 304160
Rx 0.141908 2 1 3 2 0
Rx 0.141908 2 1 3 724 304160
Rx 0.143008 2 1 3 2 0
Rx 0.143908 2 1 3 1772 304160
Rx 0.144012 2 1 3 2 0
Rx 0.144117 2 1 3 3674 312480
Rx 0.145008 2 1 3 2 0
Rx 0.146308 2 1 3 2 0
Rx 0.146308 2 1 3 169 304160
Rx 0.147008 2 1 3 1390 304160
Rx 0.147408 2 1 3 2 0
Rx 0.149096 2 1 3 2 0
Rx 0.149096 2 1 3 1768 391520
Rx 0.149146 2 1 3 3554 341600
Rx 0.149217 2 1 3 2182 312480
Rx 0.149317 2 1 3 1501 312480
Rx 0.149412 2 1 3 1446 308320
Rx 0.149512 2 1 3 447 308320
Rx 0.150108 2 1 3 2 0
Rx 0.151408 2 1 3 2 0
Rx 0.151408 2 1 3 391 304160
Rx 0.152108 2 1 3 1772 304160
Rx 0.152212 2 1 3 955 308320
Rx 0.152508 2 1 3 2 0
Rx 0.154196 2 1 3 2 0
Rx 0.154196 2 1 3 1768 391520
Rx 0.154296 2 1 3 2901 391520
Rx 0.154396 2 1 3 1501 391520
Rx 0.154496 2 1 3 1501 391520
Rx 0.154596 2 1 3 1446 391520
Rx 0.154696 2 1 3 1335 391520
Rx 0.154796 2 1 3 1390 391520
Rx 0.154896 2 1 3 1335 391520
Rx 0.154996 2 1 3 1446 391520
Rx 0.155096 2 1 3 1446 391520
Rx 0.155112 2 1 3 2 0
Rx 0.155208 2 1 3 1772 304160
Rx 0.155312 2 1 3 2509 308320
Rx 0.155512 2 1 3 1446 308320
Rx 0.156308 2 1 3 2 0
Rx 0.156308 2 1 3 780 304160
Rx 0.157208 2 1 3 1772 304160
Rx 0.157412 2 1 3 2 0
Rx 0.159296 2 1 3 2 0
Rx 0.159296 2 1 3 5333 391520
Rx 0.159396 2 1 3 2841 391520
Rx 0.159496 2 1 3 1501 391520
Rx 0.159596 2 1 3 1501 391520
Rx 0.159696 2 1 3 1279 391520
Rx 0.159796 2 1 3 1224 391520
Rx 0.159896 2 1 3 1168 391520
Rx 0.159996 2 1 3 1390 391520
Rx 0.160096 2 1 3 1390 391520
Rx 0.160196 2 1 3 1446 391520
Rx 0.160296 2 1 3 2 0
Rx 0.160396 2 1 3 1772 391520
Rx 0.160496 2 1 3 2509 391520
Rx 0.160596 2 1 3 1446 391520
Rx 0.160696 2 1 3 1390 391520
Rx 0.160896 2 1 3 1772 391520
Rx 0.160996 2 1 3 2398 391520
Rx 0.161196 2 1 3 1446 391520
Rx 0.161496 2 1 3 2 0
Rx 0.161496 2 1 3 3550 391520
Rx 0.161696 2 1 3 3617 391520
Rx 0.161796 2 1 3 1501 391520
Rx 0.161896 2 1 3 1390 391520
Rx 0.161996 2 1 3 1501 391520
Rx 0.162096 2 1 3 1279 391520
Rx 0.162308 2 1 3 1772 304160
Rx 0.162412 2 1 3 2 0
Rx 0.162612 2 1 3 3554 308320
Rx 0.162717 2 1 3 957 312480
Rx 0.163408 2 1 3 2 0
Rx 0.164396 2 1 3 1772 391520
Rx 0.164596 2 1 3 2 0
Rx 0.164596 2 1 3 3550 391520
Rx 0.164696 2 1 3 2182 391520
Rx 0.164796 2 1 3 1446 391520
Rx 0.164896 2 1 3 1501 391520
Rx 0.164996 2 1 3 1335 391520
Rx 0.165096 2 1 3 1390 391520
Rx 0.165196 2 1 3 1279 391520
Rx 0.165496 2 1 3 1772 391520
Rx 0.165596 2 1 3 2 0
Rx 0.165796 2 1 3 5337 391520
Rx 0.165996 2 1 3 2892 391520
Rx 0.166096 2 1 3 1501 391520
Rx 0.166196 2 1 3 1279 391520
Rx 0.166396 2 1 3 1224 391520
Rx 0.166496 2 1 3 1446 391520
Rx 0.166596 2 1 3 2 0
Rx 0.166696 2 1 3 1772 391520
Rx 0.166796 2 1 3 2453 391520
Rx 0.166896 2 1 3 1390 391520
Rx 0.166996 2 1 3 1446 391520
Rx 0.167196 2 1 3 1772 391520
Rx 0.167296 2 1 3 1010 391520
Rx 0.167496 2 1 3 1772 391520
Rx 0.167696 2 1 3 2 0
Rx 0.167696 2 1 3 3550 391520
Rx 0.167796 2 1 3 1904 391520
Rx 0.167996 2 1 3 2889 391520
Rx 0.168096 2 1 3 1390 391520
Rx 0.168196 2 1 3 1279 391520
Rx 0.168496 2 1 3 1772 391520
Rx 0.168596 2 1 3 2398 391520
Rx 0.168796 2 1 3 2 0
Rx 0.168796 2 1 3 1768 391520
Rx 0.168996 2 1 3 3554 391520
Rx 0.169096 2 1 3 1904 391520
Rx 0.169296 2 1 3 1390 391520
Rx 0.169396 2 1 3 1390 391520
Rx 0.169596 2 1 3 1772 391520
Rx 0.169796 2 1 3 2 0
Rx 0.169896 2 1 3 6932 391520
Rx 0.170096 2 1 3 4216 391520
Rx 0.170196 2 1 3 1911 391520
Rx 0.170396 2 1 3 2149 391520
Rx 0.170596 2 1 3 3554 391520
Rx 0.170696 2 1 3 1859 391520
Rx 0.170896 2 1 3 2 0
Rx 0.170896 2 1 3 3550 391520
Rx 0.171096 2 1 3 4407 391520
Rx 0.171196 2 1 3 2070 391520
Rx 0.171396 2 1 3 2149 391520
Rx 0.171596 2 1 3 3554 391520
Rx 0.171696 2 1 3 2336 391520
Rx 0.171896 2 1 3 2 0
Rx 0.172096 2 1 3 5337 391520
Rx 0.172196 2 1 3 4687 391520
Rx 0.172396 2 1 3 2149 391520
Rx 0.172596 2 1 3 3501 391520
Rx 0.172696 2 1 3 2149 391520
Rx 0.172896 2 1 3 2 0
Rx 0.173096 2 1 3 5337 391520
Rx 0.173196 2 1 3 4608 391520
Rx 0.173396 2 1 3 2070 391520
Rx 0.173596 2 1 3 3501 391520
Rx 0.173696 2 1 3 2149 391520
Rx 0.173896 2 1 3 2 0
Rx 0.174096 2 1 3 5337 391520
Rx 0.174196 2 1 3 4608 391520
Rx 0.174396 2 1 3 2149 391520
Rx 0.174596 2 1 3 3501 391520
Rx 0.174696 2 1 3 2149 391520
Rx 0.174896 2 1 3 2 0
Rx 0.175096 2 1 3 5337 391520
Rx 0.175196 2 1 3 4608 391520
Rx 0.175396 2 1 3 2149 391520
Rx 0.175596 2 1 3 3501 391520
Rx 0.175696 2 1 3 2149 391520
Rx 0.175896 2 1 3 2 0
Rx 0.176096 2 1 3 5337 391520
Rx 0.176196 2 1 3 4608 391520
Rx 0.176396 2 1 3 2149 391520
Rx 0.176596 2 1 3 3501 391520
Rx 0.176696 2 1 3 2070 391520
Rx 0.176896 2 1 3 2 0
Rx 0.177096 2 1 3 5337 391520
Rx 0.177196 2 1 3 4608 391520
Rx 0.177396 2 1 3 2149 391520
Rx 0.177596 2 1 3 3501 391520
Rx 0.177696 2 1 3 2149 391520
Rx 0.177896 2 1 3 2 0
Rx 0.178096 2 1 3 5337 391520
Rx 0.178196 2 1 3 4608 391520
Rx 0.178396 2 1 3 2149 391520
Rx 0.178596 2 1 3 3501 391520
Rx 0.178696 2 1 3 2149 391520
Rx 0.178896 2 1 3 2 0
Rx 0.179096 2 1 3 5337 391520
Rx 0.179196 2 1 3 4608 391520
Rx 0.179396 2 1 3 2149 391520
Rx 0.179596 2 1 3 3501 391520
Rx 0.179696 2 1 3 2149 391520
Rx 0.179896 2 1 3 2 0
Rx 0.180096 2 1 3 5337 391520
Rx 0.180196 2 1 3 4528 391520
Rx 0.180396 2 1 3 2149 391520
Rx 0.180596 2 1 3 3501 391520
Rx 0.180696 2 1 3 2149 391520
Rx 0.180896 2 1 3 2 0
Rx 0.181096 2 1 3 5337 391520
Rx 0.181196 2 1 3 4608 391520
Rx 0.181396 2 1 3 2149 391520
Rx 0.181596 2 1 3 3501 391520
Rx 0.181696 2 1 3 2149 391520
Rx 0.181896 2 1 3 2 0
Rx 0.182096 2 1 3 5337 391520
Rx 0.182196 2 1 3 4608 391520
Rx 0.182396 2 1 3 2149 391520
Rx 0.182596 2 1 3 3501 391520
Rx 0.182696 2 1 3 2149 391520
Rx 0.182896 2 1 3 2 0
Rx 0.183096 2 1 3 5337 391520
Rx 0.183196 2 1 3 4528 391520
Rx 0.183396 2 1 3 2149 391520
Rx 0.183596 2 1 3 3501 391520
Rx 0.183696 2 1 3 2149 391520
Rx 0.183896 2 1 3 2 0
Rx 0.184096 2 1 3 5337 391520
Rx 0.184196 2 1 3 4608 391520
Rx 0.184396 2 1 3 2149 391520
Rx 0.184596 2 1 3 3501 391520
Rx 0.184696 2 1 3 2149 391520
Rx 0.184896 2 1 3 2 0
Rx 0.185096 2 1 3 5337 391520
Rx 0.185196 2 1 3 4608 391520
Rx 0.185396 2 1 3 2149 391520
Rx 0.185596 2 1 3 3501 391520
Rx 0.185696 2 1 3 2149 391520
Rx 0.185896 2 1 3 2 0
Rx 0.186096 2 1 3 5337 391520
Rx 0.186196 2 1 3 4528 391520
Rx 0.186396 2 1 3 2149 391520
Rx 0.186596 2 1 3 3501 391520
Rx 0.186696 2 1 3 2149 391520
Rx 0.186896 2 1 3 2 0
Rx 0.187096 2 1 3 5337 391520
Rx 0.187196 2 1 3 4608 391520
Rx 0.187396 2 1 3 2149 391520
Rx 0.187596 2 1 3 3501 391520
Rx 0.187696 2 1 3 2149 391520
Rx 0.187896 2 1 3 2 0
Rx 0.188096 2 1 3 5337 391520
Rx 0.188196 2 1 3 4608 391520
Rx 0.188396 2 1 3 2149 391520
Rx 0.188596 2 1 3 3501 391520
Rx 0.188696 2 1 3 2149 391520
Rx 0.188896 2 1 3 2 0
Rx 0.189096 2 1 3 5337 391520
Rx 0.189196 2 1 3 4528 391520
Rx 0.189396 2 1 3 2149 391520
Rx 0.189596 2 1 3 3501 391520
Rx 0.189696 2 1 3 2149 391520
Rx 0.189896 2 1 3 2 0
Rx 0.190096 2 1 3 5337 391520
Rx 0.190196 2 1 3 4608 391520
Rx 0.190396 2 1 3 2149 391520
Rx 0.190596 2 1 3 3501 391520
Rx 0.190696 2 1 3 2149 391520
Rx 0.190896 2 1 3 2 0
Rx 0.191096 2 1 3 5337 391520
Rx 0.191196 2 1 3 4608 391520
Rx 0.191396 2 1 3 2149 391520
Rx 0.191596 2 1 3 3501 391520
Rx 0.191696 2 1 3 2149 391520
Rx 0.191896 2 1 3 2 0
Rx 0.192096 2 1 3 5337 391520
Rx 0.192196 2 1 3 4608 391520
Rx 0.192396 2 1 3 2070 391520
Rx 0.192596 2 1 3 3501 391520
Rx 0.192696 2 1 3 2149 391520
Rx 0.192896 2 1 3 2 0
Rx 0.193096 2 1 3 5337 391520
Rx 0.193196 2 1 3 4608 391520
Rx 0.193396 2 1 3 2149 391520
Rx 0.193596 2 1 3 3501 391520
Rx 0.193696 2 1 3 2149 391520
Rx 0.193896 2 1 3 2 0
Rx 0.194096 2 1 3 5337 391520
Rx 0.194196 2 1 3 4608 391520
Rx 0.194396 2 1 3 2149 391520
Rx 0.194596 2 1 3 3501 391520
Rx 0.194696 2 1 3 2149 391520
Rx 0.194896 2 1 3 2 0
Rx 0.195096 2 1 3 5337 391520
Rx 0.195196 2 1 3 4608 391520
Rx 0.195396 2 1 3 2070 391520
Rx 0.195596 2 1 3 3554 391520
Rx 0.195696 2 1 3 2097 391520
Rx 0.195896 2 1 3 2 0
Rx 0.196096 2 1 3 5337 391520
Rx 0.196196 2 1 3 4608 391520
Rx 0.196396 2 1 3 2149 391520
Rx 0.196596 2 1 3 3501 391520
Rx 0.196696 2 1 3 2149 391520
Rx 0.196896 2 1 3 2 0
Rx 0.197096 2 1 3 5337 391520
Rx 0.197196 2 1 3 4608 391520
Rx 0.197396 2 1 3 2149 391520
Rx 0.197596 2 1 3 3501 391520
Rx 0.197696 2 1 3 2149 391520
Rx 0.197896 2 1 3 2 0
Rx 0.198096 2 1 3 5337 391520
Rx 0.198196 2 1 3 4608 391520
Rx 0.198396 2 1 3 2149 391520
Rx 0.198596 2 1 3 3501 391520
Rx 0.198696 2 1 3 2149 391520
Rx 0.198896 2 1 3 2 0
Rx 0.199096 2 1 3 5337 391520
Rx 0.199196 2 1 3 4528 391520
Rx 0.199396 2 1 3 2149 391520
Rx 0.199596 2 1 3 3501 391520
Rx 0.199696 2 1 3 2149 391520
Rx 0.199896 2 1 3 2 0
Rx 0.200096 2 1 3 5337 391520
Rx 0.200196 2 1 3 4608 391520
Rx 0.200396 2 1 3 2149 391520
Rx 0.200596 2 1 3 3501 391520
Rx 0.200696 2 1 3 2149 391520
Rx 0.200896 2 1 3 2 0
Rx 0.201096 2 1 3 5337 391520
Rx 0.201196 2 1 3 4608 391520
Rx 0.201396 2 1 3 2149 391520
Rx 0.201596 2 1 3 3501 391520
Rx 0.201696 2 1 3 2149 391520
Rx 0.201896 2 1 3 2 0
Rx 0.202096 2 1 3 5337 391520
Rx 0.202196 2 1 3 4528 391520
Rx 0.202396 2 1 3 2149 391520
Rx 0.202596 2 1 3 3501 391520
Rx 0.202696 2 1 3 2149 391520
Rx 0.202896 2 1 3 2 0
Rx 0.203096 2 1 3 5337 391520
Rx 0.203196 2 1 3 4608 391520
Rx 0.203396 2 1 3 2149 391520
Rx 0.203596 2 1 3 3501 391520
Rx 0.203696 2 1 3 2149 391520
Rx 0.203896 2 1 3 2 0
Rx 0.204096 2 1 3 5337 391520
Rx 0.204196 2 1 3 4608 391520
Rx 0.204396 2 1 3 2149 391520
Rx 0.204596 2 1 3 3501 391520
Rx 0.204696 2 1 3 2149 391520
Rx 0.204896 2 1 3 2 0
Rx 0.205096 2 1 3 5337 391520
Rx 0.205196 2 1 3 4528 391520
Rx 0.205396 2 1 3 2149 391520
Rx 0.205596 2 1 3 3501 391520
Rx 0.205696 2 1 3 2149 391520
Rx 0.205896 2 1 3 2 0
Rx 0.206096 2 1 3 5337 391520
Rx 0.206196 2 1 3 4608 391520
Rx 0.206396 2 1 3 2149 391520
Rx 0.206596 2 1 3 3501 391520
Rx 0.206696 2 1 3 2149 391520
Rx 0.206896 2 1 3 2 0
Rx 0.207096 2 1 3 5337 391520
Rx 0.207196 2 1 3 4608 391520
Rx 0.207396 2 1 3 2149 391520
Rx 0.207596 2 1 3 3501 391520
Rx 0.207696 2 1 3 2149 391520
Rx 0.207896 2 1 3 2 0
Rx 0.208096 2 1 3 5337 391520
Rx 0.208196 2 1 3 4528 391520
Rx 0.208396 2 1 3 2149 391520
Rx 0.208596 2 1 3 3501 391520
Rx 0.208696 2 1 3 2149 391520
Rx 0.208896 2 1 3 2 0
Rx 0.209096 2 1 3 5337 391520
Rx 0.209196 2 1 3 4608 391520
Rx 0.209396 2 1 3 2149 391520
Rx 0.209596 2 1 3 3501 391520
Rx 0.209696 2 1 3 2149 391520
Rx 0.209896 2 1 3 2 0
Rx 0.210096 2 1 3 5337 391520
Rx 0.210196 2 1 3 4608 391520
Rx 0.210396 2 1 3 2149 391520
Rx 0.210596 2 1 3 3501 391520
Rx 0.210696 2 1 3 2149 391520
Rx 0.210896 2 1 3 2 0
Rx 0.211096 2 1 3 5337 391520
Rx 0.211196 2 1 3 4608 391520
Rx 0.211396 2 1 3 2070 391520
Rx 0.211596 2 1 3 3501 391520
Rx 0.211696 2 1 3 2149 391520
Rx 0.211896 2 1 3 2 0
Rx 0.212096 2 1 3 5337 391520
Rx 0.212196 2 1 3 4608 391520
Rx 0.212396 2 1 3 2149 391520
Rx 0.212596 2 1 3 3501 391520
Rx 0.212696 2 1 3 2149 391520
Rx 0.212896 2 1 3 2 0
Rx 0.213096 2 1 3 5337 391520
Rx 0.213196 2 1 3 4608 391520
Rx 0.213396 2 1 3 2149 391520
Rx 0.213596 2 1 3 3501 391520
Rx 0.213696 2 1 3 2149 391520
Rx 0.213896 2 1 3 2 0
Rx 0.214096 2 1 3 5337 391520
Rx 0.214196 2 1 3 4608 391520
Rx 0.214396 2 1 3 2070 391520
Rx 0.214596 2 1 3 3554 391520
Rx 0.214696 2 1 3 2097 391520
Rx 0.214896 2 1 3 2 0
Rx 0.215096 2 1 3 5337 391520
Rx 0.215196 2 1 3 4608 391520
Rx 0.215396 2 1 3 2149 391520
Rx 0.215596 2 1 3 3501 391520
Rx 0.215696 2 1 3 2149 391520
Rx 0.215896 2 1 3 2 0
Rx 0.216096 2 1 3 5337 391520
Rx 0.216196 2 1 3 4608 391520
Rx 0.216396 2 1 3 2149 391520
Rx 0.216596 2 1 3 3501 391520
Rx 0.216696 2 1 3 2149 391520
Rx 0.216896 2 1 3 2 0
Rx 0.217096 2 1 3 5337 391520
Rx 0.217196 2 1 3 4608 391520
Rx 0.217396 2 1 3 2149 391520
Rx 0.217596 2 1 3 3501 391520
Rx 0.217696 2 1 3 2149 391520
Rx 0.217896 2 1 3 2 0
Rx 0.218096 2 1 3 5337 391520
Rx 0.218196 2 1 3 4528 391520
Rx 0.218396 2 1 3 2149 391520
Rx 0.218596 2 1 3 3501 391520
Rx 0.218696 2 1 3 2149 391520
Rx 0.218896 2 1 3 2 0
Rx 0.219096 2 1 3 5337 391520
Rx 0.219196 2 1 3 4608 391520
Rx 0.219396 2 1 3 2149 391520
Rx 0.219596 2 1 3 3501 391520
Rx 0.219696 2 1 3 2149 391520
Rx 0.219896 2 1 3 2 0
Rx 0.220096 2 1 3 5337 391520
Rx 0.220196 2 1 3 4608 391520
Rx 0.220396 2 1 3 2149 391520
Rx 0.220596 2 1 3 3501 391520
Rx 0.220696 2 1 3 2149 391520
Rx 0.220896 2 1 3 2 0
Rx 0.221096 2 1 3 5337 391520
Rx 0.221196 2 1 3 4528 391520
Rx 0.221396 2 1 3 2149 391520
Rx 0.221596 2 1 3 3501 391520
Rx 0.221696 2 1 3 2149 391520
Rx 0.221896 2 1 3 2 0
Rx 0.222096 2 1 3 5337 391520
Rx 0.222196 2 1 3 4608 391520
Rx 0.222396 2 1 3 2149 391520
Rx 0.222596 2 1 3 3501 391520
Rx 0.222696 2 1 3 2149 391520
Rx 0.222896 2 1 3 2 0
Rx 0.223096 2 1 3 5337 391520
Rx 0.223196 2 1 3 4608 391520
Rx 0.223396 2 1 3 2149 391520
Rx 0.223596 2 1 3 3501 391520
Rx 0.223696 2 1 3 2149 391520
Rx 0.223896 2 1 3 2 0
Rx 0.224096 2 1 3 5337 391520
Rx 0.224196 2 1 3 4528 391520
Rx 0.224396 2 1 3 2149 391520
Rx 0.224596 2 1 3 3501 391520
Rx 0.224696 2 1 3 2149 391520
Rx 0.224896 2 1 3 2 0
Rx 0.225096 2 1 3 5337 391520
Rx 0.225196 2 1 3 4608 391520
Rx 0.225396 2 1 3 2149 391520
Rx 0.225596 2 1 3 3501 391520
Rx 0.225696 2 1 3 2149 391520
Rx 0.225896 2 1 3 2 0
Rx 0.226096 2 1 3 5337 391520
Rx 0.226196 2 1 3 4608 391520
Rx 0.226396 2 1 3 2149 391520
Rx 0.226596 2 1 3 3501 391520
Rx 0.226696 2 1 3 2149 391520
Rx 0.226896 2 1 3 2 0
Rx 0.227096 2 1 3 5337 391520
Rx 0.227196 2 1 3 4528 391520
Rx 0.227396 2 1 3 2149 391520
Rx 0.227596 2 1 3 3501 391520
Rx 0.227696 2 1 3 2149 391520
Rx 0.227896 2 1 3 2 0
Rx 0.228096 2 1 3 5337 391520
Rx 0.228196 2 1 3 4608 391520
Rx 0.228396 2 1 3 2149 391520
Rx 0.228596 2 1 3 3501 391520
Rx 0.228696 2 1 3 2149 391520
Rx 0.228896 2 1 3 2 0
Rx 0.229096 2 1 3 5337 391520
Rx 0.229196 2 1 3 4608 391520
Rx 0.229396 2 1 3 2149 391520
Rx 0.229596 2 1 3 3501 391520
Rx 0.229696 2 1 3 2149 391520
Rx 0.229896 2 1 3 2 0
Rx 0.230096 2 1 3 5337 391520
Rx 0.230196 2 1 3 4608 391520
Rx 0.230396 2 1 3 2070 391520
Rx 0.230596 2 1 3 3501 391520
Rx 0.230696 2 1 3 2149 391520
Rx 0.230896 2 1 3 2 0
Rx 0.231096 2 1 3 5337 391520
Rx 0.231196 2 1 3 4608 391520
Rx 0.231396 2 1 3 2149 391520
Rx 0.231596 2 1 3 3501 391520
Rx 0.231696 2 1 3 2149 391520
Rx 0.231896 2 1 3 2 0
Rx 0.232096 2 1 3 5337 391520
Rx 0.232196 2 1 3 4608 391520
Rx 0.232396 2 1 3 2149 391520
Rx 0.232596 2 1 3 3501 391520
Rx 0.232696 2 1 3 2149 391520
Rx 0.232896 2 1 3 2 0
Rx 0.233096 2 1 3 5337 391520
Rx 0.233196 2 1 3 4608 391520
Rx 0.233396 2 1 3 2070 391520
Rx 0.233596 2 1 3 3554 391520
Rx 0.233696 2 1 3 2097 391520
Rx 0.233896 2 1 3 2 0
Rx 0.234096 2 1 3 5337 391520
Rx 0.234196 2 1 3 4608 391520
Rx 0.234396 2 1 3 2149 391520
Rx 0.234596 2 1 3 3501 391520
Rx 0.234696 2 1 3 2149 391520
Rx 0.234896 2 1 3 2 0
Rx 0.235096 2 1 3 5337 391520
Rx 0.235196 2 1 3 4608 391520
Rx 0.235396 2 1 3 2149 391520
Rx 0.235596 2 1 3 3501 391520
Rx 0.235696 2 1 3 2149 391520
Rx 0.235896 2 1 3 2 0
Rx 0.236096 2 1 3 5337 391520
Rx 0.236196 2 1 3 4608 391520
Rx 0.236396 2 1 3 2149 391520
Rx 0.236596 2 1 3 3501 391520
Rx 0.236696 2 1 3 2149 391520
Rx 0.236896 2 1 3 2 0
Rx 0.237096 2 1 3 5337 391520
Rx 0.237196 2 1 3 4528 391520
Rx 0.237396 2 1 3 2149 391520
Rx 0.237596 2 1 3 3501 391520
Rx 0.237696 2 1 3 2149 391520
Rx 0.237896 2 1 3 2 0
Rx 0.238096 2 1 3 5337 391520
Rx 0.238196 2 1 3 4608 391520
Rx 0.238396 2 1 3 2149 391520
Rx 0.238596 2 1 3 3501 391520
Rx 0.238696 2 1 3 2149 391520
Rx 0.238896 2 1 3 2 0
Rx 0.239096 2 1 3 5337 391520
Rx 0.239196 2 1 3 4608 391520
Rx 0.239396 2 1 3 2149 391520
Rx 0.239596 2 1 3 3501 391520
Rx 0.239696 2 1 3 2149 391520
Rx 0.239896 2 1 3 2 0
Rx 0.240096 2 1 3 5337 391520
Rx 0.240196 2 1 3 4528 391520
Rx 0.240396 2 1 3 2149 391520
Rx 0.240596 2 1 3 3501 391520
Rx 0.240696 2 1 3 2149 391520
Rx 0.240896 2 1 3 2 0
Rx 0.241096 2 1 3 5337 391520
Rx 0.241196 2 1 3 4608 391520
Rx 0.241396 2 1 3 2149 391520
Rx 0.241596 2 1 3 3501 391520
Rx 0.241696 2 1 3 2149 391520
Rx 0.241896 2 1 3 2 0
Rx 0.242096 2 1 3 5337 391520
Rx 0.242196 2 1 3 4608 391520
Rx 0.242396 2 1 3 2149 391520
Rx 0.242596 2 1 3 3501 391520
Rx 0.242696 2 1 3 2149 391520
Rx 0.242896 2 1 3 2 0
Rx 0.243096 2 1 3 5337 391520
Rx 0.243196 2 1 3 4528 391520
Rx 0.243396 2 1 3 2149 391520
Rx 0.243596 2 1 3 3501 391520
Rx 0.243696 2 1 3 2149 391520
Rx 0.243896 2 1 3 2 0
Rx 0.244096 2 1 3 5337 391520
Rx 0.244196 2 1 3 4608 391520
Rx 0.244396 2 1 3 2149 391520
Rx 0.244596 2 1 3 3501 391520
Rx 0.244696 2 1 3 2149 391520
Rx 0.244896 2 1 3 2 0
Rx 0.245096 2 1 3 5337 391520
Rx 0.245196 2 1 3 4608 391520
Rx 0.245396 2 1 3 2149 391520
Rx 0.245596 2 1 3 3501 391520
Rx 0.245696 2 1 3 2149 391520
Rx 0.245896 2 1 3 2 0
Rx 0.246096 2 1 3 5337 391520
Rx 0.246196 2 1 3 4528 391520
Rx 0.246396 2 1 3 2149 391520
Rx 0.246596 2 1 3 3501 391520
Rx 0.246696 2 1 3 2149 391520
Rx 0.246896 2 1 3 2 0
Rx 0.247096 2 1 3 5337 391520
Rx 0.247196 2 1 3 4608 391520
Rx 0.247396 2 1 3 2149 391520
Rx 0.247596 2 1 3 3501 391520
Rx 0.247696 2 1 3 2149 391520
Rx 0.247896 2 1 3 2 0
Rx 0.248096 2 1 3 5337 391520
Rx 0.248196 2 1 3 4608 391520
Rx 0.248396 2 1 3 2149 391520
Rx 0.248596 2 1 3 3501 391520
Rx 0.248696 2 1 3 2149 391520
Rx 0.248896 2 1 3 2 0
Rx 0.249096 2 1 3 5337 391520
Rx 0.249196 2 1 3 4608 391520
Rx 0.249396 2 1 3 2070 391520
Rx 0.249596 2 1 3 3501 391520
Rx 0.249696 2 1 3 2149 391520
Rx 0.249896 2 1 3 2 0
Rx 0.250096 2 1 3 5337 391520
Rx 0.250196 2 1 3 4608 391520
Rx 0.250396 2 1 3 2149 391520
Rx 0.250596 2 1 3 3501 391520
Rx 0.250696 2 1 3 2149 391520
Rx 0.250896 2 1 3 2 0
Rx 0.251096 2 1 3 5337 391520
Rx 0.251196 2 1 3 4608 391520
Rx 0.251396 2 1 3 2149 391520
Rx 0.251596 2 1 3 3501 391520
Rx 0.251696 2 1 3 2149 391520
Rx 0.251896 2 1 3 2 0
Rx 0.252096 2 1 3 5337 391520
Rx 0.252196 2 1 3 4608 391520
Rx 0.252396 2 1 3 2070 391520
Rx 0.252596 2 1 3 3554 391520
Rx 0.252696 2 1 3 2097 391520
Rx 0.252896 2 1 3 2 0
Rx 0.253096 2 1 3 5337 391520
Rx 0.253196 2 1 3 4608 391520
Rx 0.253396 2 1 3 2149 391520
Rx 0.253596 2 1 3 3501 391520
Rx 0.253696 2 1 3 2149 391520
Rx 0.253896 2 1 3 2 0
Rx 0.254096 2 1 3 5337 391520
