Rx 0.0219286 1 1 1 8 4714285
Rx 0.0239286 1 1 1 8 0
Rx 0.0259286 1 1 1 8 0
Rx 0.0279286 1 1 1 8 0
Rx 0.0294083 2 1 1 8 304160
Rx 0.0409286 1 1 1 2 0
Rx 0.0409286 1 1 1 16 4714285
Rx 0.0439286 1 1 1 2 0
Rx 0.0439286 1 1 1 2 0
Rx 0.0439286 1 1 1 16 0
Rx 0.0439286 1 1 1 16 0
Rx 0.0459286 1 1 1 2 0
Rx 0.0459286 1 1 1 2 0
Rx 0.0459286 1 1 1 16 0
Rx 0.0459286 1 1 1 16 0
Rx 0.0479286 1 1 1 2 0
Rx 0.0479286 1 1 1 2 0
Rx 0.0479286 1 1 1 16 0
Rx 0.0479286 1 1 1 16 0
Rx 0.0509286 1 1 1 2 0
Rx 0.0509286 1 1 1 2 0
Rx 0.0509286 1 1 1 7 4714285
Rx 0.0509286 1 1 1 7 4714285
Rx 0.0579286 1 1 1 2 0
Rx 0.0579286 1 1 1 2 0
Rx 0.0579286 1 1 1 7 0
Rx 0.0579286 1 1 1 7 0
Rx 0.500512 2 1 3 62 308320
Rx 0.513112 2 1 3 2 0
Rx 0.513112 2 1 3 62 308320
Rx 0.525696 2 1 3 2 0
Rx 0.525696 2 1 3 1123 391520
Rx 0.525742 2 1 3 395 337440
Rx 0.528008 2 1 3 395 0
Rx 0.538208 2 1 3 2 0
Rx 0.538208 2 1 3 58 304160
Rx 0.550896 2 1 3 2 0
Rx 0.550896 2 1 3 1123 391520
Rx 0.550996 2 1 3 1127 391520
Rx 0.551062 2 1 3 672 358240
Rx 0.553312 2 1 3 1127 0
Rx 0.563308 2 1 3 2 0
Rx 0.563308 2 1 3 114 304160
Rx 0.576096 2 1 3 2 0
Rx 0.576096 2 1 3 1123 391520
Rx 0.576196 2 1 3 1127 391520
Rx 0.576296 2 1 3 1127 391520
Rx 0.576317 2 1 3 2461 312480
Rx 0.578621 2 1 3 1127 0
Rx 0.588408 2 1 3 2 0
Rx 0.588408 2 1 3 225 304160
Rx 0.601296 2 1 3 2 0
Rx 0.601296 2 1 3 1123 391520
Rx 0.601396 2 1 3 1127 391520
Rx 0.601496 2 1 3 1127 391520
Rx 0.601533 2 1 3 8283 329120
Rx 0.603833 2 1 3 1127 0
Rx 0.613508 2 1 3 2 0
Rx 0.613508 2 1 3 391 304160
Rx 0.614608 2 1 3 2 0
Rx 0.616608 2 1 3 58 304160
Rx 0.626412 2 1 3 2 0
Rx 0.626412 2 1 3 3550 308320
Rx 0.626521 2 1 3 7116 316640
Rx 0.626667 2 1 3 12633 362400
Rx 0.628958 2 1 3 7116 0
Rx 0.638608 2 1 3 2 0
Rx 0.638608 2 1 3 724 304160
Rx 0.639708 2 1 3 2 0
Rx 0.641708 2 1 3 2 0
Rx 0.641708 2 1 3 169 304160
Rx 0.651521 2 1 3 2 0
Rx 0.651521 2 1 3 7112 316640
Rx 0.651658 2 1 3 23150 354080
Rx 0.651796 2 1 3 13414 391520
Rx 0.652612 2 1 3 2 0
Rx 0.654012 2 1 3 2914 308320
Rx 0.663708 2 1 3 2 0
Rx 0.663708 2 1 3 1390 304160
Rx 0.664808 2 1 3 2 0
Rx 0.666808 2 1 3 2 0
Rx 0.666808 2 1 3 391 304160
Rx 0.676633 2 1 3 2 0
Rx 0.676633 2 1 3 12457 329120
Rx 0.676796 2 1 3 39183 391520
Rx 0.676896 2 1 3 35701 391520
Rx 0.678908 2 1 3 2 0
Rx 0.678908 2 1 3 1768 304160
Rx 0.679121 2 1 3 4061 316640
Rx 0.681417 2 1 3 4061 0
Rx 0.688808 2 1 3 2 0
Rx 0.688808 2 1 3 1768 304160
Rx 0.688912 2 1 3 959 308320
Rx 0.689908 2 1 3 2 0
Rx 0.691208 2 1 3 58 304160
Rx 0.691908 2 1 3 2 0
Rx 0.691908 2 1 3 724 304160
Rx 0.693008 2 1 3 2 0
Rx 0.695008 2 1 3 58 304160
Rx 0.701758 2 1 3 2 0
Rx 0.701758 2 1 3 23146 354080
Rx 0.701892 2 1 3 37404 387360
Rx 0.701996 2 1 3 16658 391520
Rx 0.703312 2 1 3 2 0
Rx 0.703312 2 1 3 1614 308320
Rx 0.704512 2 1 3 2 0
Rx 0.705612 2 1 3 3225 308320
Rx 0.706912 2 1 3 1614 308320
Rx 0.708112 2 1 3 1614 308320
Rx 0.709312 2 1 3 1614 308320
Rx 0.710512 2 1 3 1614 308320
Rx 0.711712 2 1 3 1614 308320
Rx 0.712912 2 1 3 1614 308320
Rx 0.713908 2 1 3 2 0
Rx 0.713908 2 1 3 1768 304160
Rx 0.714012 2 1 3 3554 308320
Rx 0.714117 2 1 3 1684 312480
Rx 0.715108 2 1 3 2 0
Rx 0.715108 2 1 3 1669 304160
Rx 0.716308 2 1 3 2 0
Rx 0.716308 2 1 3 1725 304160
Rx 0.717008 2 1 3 1390 304160
Rx 0.717408 2 1 3 2 0
Rx 0.717712 2 1 3 1669 308320
Rx 0.718912 2 1 3 1614 308320
Rx 0.720108 2 1 3 2 0
Rx 0.720108 2 1 3 1725 304160
Rx 0.721312 2 1 3 1614 308320
Rx 0.722512 2 1 3 1614 308320
Rx 0.723712 2 1 3 1614 308320
Rx 0.724912 2 1 3 1614 308320
Rx 0.726112 2 1 3 1614 308320
Rx 0.726808 2 1 3 2 0
Rx 0.727312 2 1 3 1614 308320
Rx 0.728408 2 1 3 2 0
Rx 0.728408 2 1 3 1614 304160
Rx 0.729712 2 1 3 1614 308320
Rx 0.730708 2 1 3 2 0
Rx 0.730708 2 1 3 1614 304160
Rx 0.732008 2 1 3 2 0
Rx 0.732008 2 1 3 1614 304160
Rx 0.733312 2 1 3 2 0
Rx 0.733312 2 1 3 1614 308320
Rx 0.734512 2 1 3 2 0
Rx 0.735712 2 1 3 2 0
Rx 0.736921 2 1 3 2 0
Rx 0.738125 2 1 3 2 0
Rx 0.739096 2 1 3 8899 391520
Rx 0.739171 2 1 3 2 0
Rx 0.739233 2 1 3 6600 329120
Rx 0.739425 2 1 3 2667 320800
Rx 0.739512 2 1 3 613 308320
Rx 0.740108 2 1 3 2 0
Rx 0.740512 2 1 3 1780 308320
Rx 0.741408 2 1 3 2 0
Rx 0.741408 2 1 3 225 304160
Rx 0.741712 2 1 3 1614 308320
Rx 0.742108 2 1 3 1772 304160
Rx 0.742221 2 1 3 955 316640
Rx 0.742508 2 1 3 2 0
Rx 0.742808 2 1 3 1772 304160
Rx 0.744008 2 1 3 2 0
Rx 0.744008 2 1 3 1623 304160
Rx 0.745208 2 1 3 2 0
Rx 0.745208 2 1 3 1768 304160
Rx 0.745312 2 1 3 72 308320
Rx 0.746512 2 1 3 2 0
Rx 0.746512 2 1 3 1614 308320
Rx 0.747712 2 1 3 2 0
Rx 0.748912 2 1 3 2 0
Rx 0.750121 2 1 3 2 0
Rx 0.751325 2 1 3 2 0
Rx 0.752525 2 1 3 2 0
Rx 0.753729 2 1 3 2 0
Rx 0.754933 2 1 3 2 0
Rx 0.756137 2 1 3 2 0
Rx 0.757346 2 1 3 2 0
Rx 0.758546 2 1 3 2 0
Rx 0.75975 2 1 3 17724 345760
Rx 0.760912 2 1 3 1614 308320
Rx 0.762112 2 1 3 1614 308320
Rx 0.763312 2 1 3 1614 308320
Rx 0.764196 2 1 3 2 0
Rx 0.764196 2 1 3 1768 391520
Rx 0.764296 2 1 3 1772 391520
Rx 0.764396 2 1 3 3554 391520
Rx 0.764496 2 1 3 1969 391520
Rx 0.764596 2 1 3 1446 391520
Rx 0.764896 2 1 3 3554 391520
Rx 0.765096 2 1 3 3502 391520
Rx 0.765196 2 1 3 2 0
Rx 0.765308 2 1 3 1772 304160
Rx 0.765512 2 1 3 3554 308320
Rx 0.765612 2 1 3 2124 308320
Rx 0.766508 2 1 3 2 0
Rx 0.766508 2 1 3 391 304160
Rx 0.766896 2 1 3 1669 391520
Rx 0.767208 2 1 3 1772 304160
Rx 0.767396 2 1 3 2620 391520
Rx 0.767908 2 1 3 2 0
Rx 0.767908 2 1 3 1768 304160
Rx 0.768008 2 1 3 1238 304160
Rx 0.769312 2 1 3 2 0
Rx 0.769312 2 1 3 1614 308320
Rx 0.770308 2 1 3 2 0
Rx 0.770512 2 1 3 2058 308320
Rx 0.771608 2 1 3 2 0
Rx 0.771608 2 1 3 1614 304160
Rx 0.772912 2 1 3 1614 308320
Rx 0.774112 2 1 3 1614 308320
Rx 0.775312 2 1 3 1614 308320
Rx 0.776512 2 1 3 1614 308320
Rx 0.777712 2 1 3 1614 308320
Rx 0.778912 2 1 3 1614 308320
Rx 0.780112 2 1 3 1614 308320
Rx 0.781312 2 1 3 1614 308320
Rx 0.782512 2 1 3 1614 308320
Rx 0.783712 2 1 3 1614 308320
Rx 0.784808 2 1 3 2 0
Rx 0.784808 2 1 3 1614 304160
Rx 0.786112 2 1 3 2 0
Rx 0.786112 2 1 3 1614 308320
Rx 0.787312 2 1 3 2 0
Rx 0.788512 2 1 3 2 0
Rx 0.789296 2 1 3 3554 391520
Rx 0.789396 2 1 3 4282 391520
Rx 0.789496 2 1 3 1501 391520
Rx 0.789596 2 1 3 2 0
Rx 0.789696 2 1 3 1772 391520
Rx 0.789896 2 1 3 5174 391520
Rx 0.789996 2 1 3 1279 391520
Rx 0.790196 2 1 3 1772 391520
Rx 0.790296 2 1 3 1772 391520
Rx 0.790396 2 1 3 1906 391520
Rx 0.790496 2 1 3 1501 391520
Rx 0.790696 2 1 3 2 0
Rx 0.790696 2 1 3 1768 391520
Rx 0.790796 2 1 3 1772 391520
Rx 0.790896 2 1 3 3554 391520
Rx 0.790996 2 1 3 1581 391520
Rx 0.791196 2 1 3 1446 391520
Rx 0.791296 2 1 3 1335 391520
Rx 0.791496 2 1 3 1772 391520
Rx 0.791696 2 1 3 2 0
Rx 0.791796 2 1 3 5337 391520
Rx 0.791996 2 1 3 4559 391520
Rx 0.792096 2 1 3 1390 391520
Rx 0.792296 2 1 3 1446 391520
Rx 0.792496 2 1 3 1772 391520
Rx 0.792596 2 1 3 2287 391520
Rx 0.792796 2 1 3 2 0
Rx 0.792796 2 1 3 1768 391520
Rx 0.792912 2 1 3 3554 308320
Rx 0.793017 2 1 3 1849 312480
Rx 0.793212 2 1 3 2557 308320
Rx 0.794408 2 1 3 2 0
Rx 0.794408 2 1 3 1768 304160
Rx 0.794512 2 1 3 1293 308320
Rx 0.795608 2 1 3 2 0
Rx 0.795608 2 1 3 1768 304160
Rx 0.795712 2 1 3 738 308320
Rx 0.796912 2 1 3 2 0
Rx 0.796912 2 1 3 1614 308320
Rx 0.798112 2 1 3 2 0
Rx 0.799312 2 1 3 2 0
Rx 0.800521 2 1 3 2 0
Rx 0.801725 2 1 3 2 0
Rx 0.802925 2 1 3 2 0
Rx 0.804129 2 1 3 2 0
Rx 0.805333 2 1 3 2 0
Rx 0.806537 2 1 3 2 0
Rx 0.807746 2 1 3 2 0
Rx 0.808946 2 1 3 2 0
Rx 0.81015 2 1 3 2 0
Rx 0.81135 2 1 3 2 0
Rx 0.812558 2 1 3 20946 354080
Rx 0.813717 2 1 3 1614 312480
Rx 0.814396 2 1 3 2 0
Rx 0.814396 2 1 3 1768 391520
Rx 0.814496 2 1 3 1772 391520
Rx 0.814596 2 1 3 1633 391520
Rx 0.814696 2 1 3 1501 391520
Rx 0.814796 2 1 3 3057 391520
Rx 0.814896 2 1 3 1446 391520
Rx 0.815096 2 1 3 1772 391520
Rx 0.815196 2 1 3 2287 391520
Rx 0.815396 2 1 3 2 0
Rx 0.815596 2 1 3 3554 391520
Rx 0.815696 2 1 3 2170 391520
Rx 0.815996 2 1 3 1772 391520
Rx 0.816096 2 1 3 3554 391520
Rx 0.816196 2 1 3 3289 391520
Rx 0.816296 2 1 3 1501 391520
Rx 0.816396 2 1 3 2 0
Rx 0.816496 2 1 3 1772 391520
Rx 0.816596 2 1 3 1772 391520
Rx 0.816696 2 1 3 519 391520
Rx 0.816896 2 1 3 1772 391520
Rx 0.817096 2 1 3 3554 391520
Rx 0.817196 2 1 3 3345 391520
Rx 0.817496 2 1 3 2 0
Rx 0.817496 2 1 3 1768 391520
Rx 0.817696 2 1 3 3845 391520
Rx 0.817796 2 1 3 1501 391520
Rx 0.817996 2 1 3 1772 391520
Rx 0.818096 2 1 3 1772 391520
Rx 0.818196 2 1 3 1962 391520
Rx 0.818296 2 1 3 1446 391520
Rx 0.818496 2 1 3 2 0
Rx 0.818596 2 1 3 3554 391520
Rx 0.818796 2 1 3 3780 391520
Rx 0.818996 2 1 3 2778 391520
Rx 0.819096 2 1 3 1501 391520
Rx 0.819196 2 1 3 1224 391520
Rx 0.819296 2 1 3 1501 391520
Rx 0.819496 2 1 3 2 0
Rx 0.819596 2 1 3 3554 391520
Rx 0.819796 2 1 3 3554 391520
Rx 0.819996 2 1 3 2895 391520
Rx 0.820096 2 1 3 1629 391520
Rx 0.820296 2 1 3 3554 391520
Rx 0.820396 2 1 3 1768 391520
Rx 0.820496 2 1 3 2 0
Rx 0.820596 2 1 3 3554 391520
Rx 0.820796 2 1 3 4106 391520
Rx 0.820896 2 1 3 1831 391520
Rx 0.821096 2 1 3 3554 391520
Rx 0.821112 2 1 3 2415 308320
Rx 0.821217 2 1 3 1911 312480
Rx 0.821396 2 1 3 2149 391520
Rx 0.821512 2 1 3 2 0
Rx 0.821917 2 1 3 5337 312480
Rx 0.822017 2 1 3 177 312480
Rx 0.823312 2 1 3 2 0
Rx 0.823312 2 1 3 1614 308320
Rx 0.824512 2 1 3 1614 308320
Rx 0.825712 2 1 3 1614 308320
Rx 0.826912 2 1 3 1614 308320
Rx 0.828112 2 1 3 1614 308320
Rx 0.829312 2 1 3 1614 308320
Rx 0.830512 2 1 3 1614 308320
Rx 0.831712 2 1 3 1614 308320
Rx 0.832912 2 1 3 1614 308320
Rx 0.834112 2 1 3 1614 308320
Rx 0.835312 2 1 3 1614 308320
Rx 0.836512 2 1 3 1614 308320
Rx 0.837608 2 1 3 2 0
Rx 0.837608 2 1 3 1614 304160
Rx 0.838996 2 1 3 2 0
Rx 0.838996 2 1 3 1614 391520
Rx 0.839496 2 1 3 1772 391520
Rx 0.839596 2 1 3 3554 391520
Rx 0.839696 2 1 3 3271 391520
Rx 0.839796 2 1 3 2149 391520
Rx 0.839896 2 1 3 1990 391520
Rx 0.839996 2 1 3 2 0
Rx 0.840096 2 1 3 3554 391520
Rx 0.840196 2 1 3 3708 391520
Rx 0.840296 2 1 3 1990 391520
Rx 0.840396 2 1 3 1911 391520
Rx 0.840596 2 1 3 3554 391520
Rx 0.840696 2 1 3 2018 391520
Rx 0.840896 2 1 3 1911 391520
Rx 0.841196 2 1 3 2 0
Rx 0.841196 2 1 3 5333 391520
Rx 0.841396 2 1 3 6302 391520
Rx 0.841496 2 1 3 2149 391520
Rx 0.841596 2 1 3 1911 391520
Rx 0.841696 2 1 3 2070 391520
Rx 0.841796 2 1 3 1831 391520
Rx 0.842096 2 1 3 3554 391520
Rx 0.842196 2 1 3 2 0
Rx 0.842396 2 1 3 5337 391520
Rx 0.842596 2 1 3 6246 391520
Rx 0.842696 2 1 3 2149 391520
Rx 0.842896 2 1 3 1831 391520
Rx 0.842996 2 1 3 1752 391520
Rx 0.843196 2 1 3 2 0
Rx 0.843396 2 1 3 5337 391520
Rx 0.843496 2 1 3 4608 391520
Rx 0.843696 2 1 3 5337 391520
Rx 0.843796 2 1 3 2164 391520
Rx 0.843996 2 1 3 2149 391520
Rx 0.844196 2 1 3 2 0
Rx 0.844296 2 1 3 5337 391520
Rx 0.844496 2 1 3 3554 391520
Rx 0.844696 2 1 3 4476 391520
Rx 0.844796 2 1 3 3760 391520
Rx 0.845196 2 1 3 2 0
Rx 0.845296 2 1 3 5337 391520
Rx 0.845396 2 1 3 4767 391520
Rx 0.845496 2 1 3 2149 391520
Rx 0.845596 2 1 3 1911 391520
Rx 0.845696 2 1 3 1831 391520
Rx 0.845796 2 1 3 1752 391520
Rx 0.846096 2 1 3 3554 391520
Rx 0.846196 2 1 3 2 0
Rx 0.846396 2 1 3 7116 391520
Rx 0.846596 2 1 3 4547 391520
Rx 0.846696 2 1 3 2070 391520
Rx 0.846896 2 1 3 1752 391520
Rx 0.846996 2 1 3 1672 391520
Rx 0.847196 2 1 3 2 0
Rx 0.847396 2 1 3 5337 391520
Rx 0.847496 2 1 3 6298 391520
Rx 0.847696 2 1 3 4137 391520
Rx 0.847762 2 1 3 1831 358240
Rx 0.847912 2 1 3 2149 308320
Rx 0.848112 2 1 3 2 0
Rx 0.848212 2 1 3 3554 308320
Rx 0.848312 2 1 3 2516 308320
Rx 0.849608 2 1 3 2 0
Rx 0.849608 2 1 3 1614 304160
Rx 0.850912 2 1 3 2 0
Rx 0.850912 2 1 3 1614 308320
Rx 0.852112 2 1 3 2 0
Rx 0.853312 2 1 3 2 0
Rx 0.854521 2 1 3 2 0
Rx 0.855725 2 1 3 2 0
Rx 0.856925 2 1 3 2 0
Rx 0.858129 2 1 3 2 0
Rx 0.859333 2 1 3 2 0
Rx 0.860537 2 1 3 2 0
Rx 0.861746 2 1 3 2 0
Rx 0.862946 2 1 3 2 0
Rx 0.86415 2 1 3 2 0
Rx 0.865396 2 1 3 2 0
Rx 0.865396 2 1 3 19584 391520
Rx 0.865496 2 1 3 3094 391520
Rx 0.865596 2 1 3 2070 391520
Rx 0.865625 2 1 3 2149 320800
Rx 0.865796 2 1 3 1116 391520
Rx 0.865896 2 1 3 1036 391520
Rx 0.865996 2 1 3 798 391520
Rx 0.866096 2 1 3 321 391520
Rx 0.866196 2 1 3 1772 391520
Rx 0.866296 2 1 3 2051 391520
Rx 0.866396 2 1 3 2 0
Rx 0.866496 2 1 3 3554 391520
Rx 0.866596 2 1 3 1772 391520
Rx 0.866696 2 1 3 3554 391520
Rx 0.866779 2 1 3 2764 374880
Rx 0.866825 2 1 3 1990 320800
Rx 0.866996 2 1 3 2070 391520
Rx 0.867196 2 1 3 3262 391520
Rx 0.867496 2 1 3 2 0
Rx 0.867496 2 1 3 3550 391520
Rx 0.867683 2 1 3 5337 379040
Rx 0.867721 2 1 3 2911 316640
Rx 0.867996 2 1 3 3554 391520
Rx 0.868096 2 1 3 2018 391520
Rx 0.868596 2 1 3 2 0
Rx 0.868596 2 1 3 5333 391520
Rx 0.868796 2 1 3 6143 391520
Rx 0.868896 2 1 3 2149 391520
Rx 0.868996 2 1 3 1831 391520
Rx 0.869096 2 1 3 2149 391520
Rx 0.869196 2 1 3 1752 391520
Rx 0.869496 2 1 3 3554 391520
Rx 0.869596 2 1 3 2 0
Rx 0.869729 2 1 3 5337 324960
Rx 0.869996 2 1 3 6326 391520
Rx 0.870096 2 1 3 2149 391520
Rx 0.870196 2 1 3 321 391520
Rx 0.870496 2 1 3 3554 391520
Rx 0.870596 2 1 3 2 0
Rx 0.870796 2 1 3 3554 391520
Rx 0.870896 2 1 3 4510 391520
Rx 0.870996 2 1 3 1911 391520
Rx 0.871096 2 1 3 2070 391520
Rx 0.871296 2 1 3 3554 391520
Rx 0.871396 2 1 3 1800 391520
Rx 0.871596 2 1 3 2 0
Rx 0.871796 2 1 3 5337 391520
Rx 0.871896 2 1 3 4687 391520
Rx 0.872096 2 1 3 4057 391520
Rx 0.872196 2 1 3 1911 391520
Rx 0.872396 2 1 3 3554 391520
Rx 0.872596 2 1 3 2 0
Rx 0.872696 2 1 3 5337 391520
Rx 0.872896 2 1 3 3554 391520
Rx 0.873096 2 1 3 4843 391520
Rx 0.873196 2 1 3 2070 391520
Rx 0.873396 2 1 3 2149 391520
Rx 0.873596 2 1 3 2 0
Rx 0.873696 2 1 3 5337 391520
Rx 0.873896 2 1 3 5337 391520
Rx 0.874096 2 1 3 4622 391520
Rx 0.874196 2 1 3 2149 391520
Rx 0.874396 2 1 3 2149 391520
Rx 0.874596 2 1 3 2 0
Rx 0.874696 2 1 3 5337 391520
Rx 0.874896 2 1 3 3554 391520
Rx 0.874996 2 1 3 4498 391520
Rx 0.875196 2 1 3 3554 391520
Rx 0.875396 2 1 3 2256 391520
Rx 0.875496 2 1 3 2149 391520
Rx 0.875696 2 1 3 2 0
Rx 0.875696 2 1 3 3550 391520
Rx 0.875796 2 1 3 2340 391520
Rx 0.875896 2 1 3 1990 391520
Rx 0.875992 2 1 3 3554 387360
Rx 0.876108 2 1 3 1772 304160
Rx 0.876212 2 1 3 2339 308320
Rx 0.876412 2 1 3 1752 308320
Rx 0.877312 2 1 3 2 0
Rx 0.877312 2 1 3 3522 308320
Rx 0.878512 2 1 3 2 0
Rx 0.879612 2 1 3 3225 308320
Rx 0.880912 2 1 3 1614 308320
Rx 0.882112 2 1 3 1614 308320
Rx 0.883312 2 1 3 1614 308320
Rx 0.884512 2 1 3 1614 308320
Rx 0.885712 2 1 3 1614 308320
Rx 0.886912 2 1 3 1614 308320
Rx 0.888112 2 1 3 1614 308320
Rx 0.889312 2 1 3 1614 308320
Rx 0.890454 2 1 3 2 0
Rx 0.890454 2 1 3 1768 349920
Rx 0.890546 2 1 3 1772 341600
Rx 0.890633 2 1 3 4920 329120
Rx 0.890792 2 1 3 1990 387360
Rx 0.890896 2 1 3 1036 391520
Rx 0.890929 2 1 3 798 324960
Rx 0.891096 2 1 3 400 391520
Rx 0.891179 2 1 3 1672 374880
Rx 0.891396 2 1 3 2149 391520
Rx 0.891496 2 1 3 2 0
Rx 0.891696 2 1 3 5337 391520
Rx 0.891796 2 1 3 3992 391520
Rx 0.891967 2 1 3 4057 362400
Rx 0.892096 2 1 3 1911 391520
Rx 0.892196 2 1 3 1752 391520
Rx 0.892296 2 1 3 2070 391520
Rx 0.892496 2 1 3 2 0
Rx 0.892596 2 1 3 3554 391520
Rx 0.892696 2 1 3 2256 391520
Rx 0.892796 2 1 3 3522 391520
Rx 0.892867 2 1 3 1990 362400
Rx 0.893025 2 1 3 3554 320800
Rx 0.893296 2 1 3 3369 391520
Rx 0.893496 2 1 3 2 0
Rx 0.893596 2 1 3 1772 391520
Rx 0.893796 2 1 3 3554 391520
Rx 0.893896 2 1 3 2873 391520
Rx 0.894096 2 1 3 3554 391520
Rx 0.894175 2 1 3 4185 370720
Rx 0.894396 2 1 3 3554 391520
Rx 0.894596 2 1 3 2 0
Rx 0.894596 2 1 3 1461 391520
Rx 0.894696 2 1 3 1772 391520
Rx 0.894896 2 1 3 3554 391520
Rx 0.894937 2 1 3 2794 333280
Rx 0.895096 2 1 3 1990 391520
Rx 0.895175 2 1 3 3554 370720
Rx 0.895296 2 1 3 2198 391520
Rx 0.895396 2 1 3 559 391520
Rx 0.895696 2 1 3 2 0
Rx 0.895696 2 1 3 1768 391520
Rx 0.895796 2 1 3 3554 391520
Rx 0.895996 2 1 3 3554 391520
Rx 0.896117 2 1 3 4654 312480
Rx 0.896292 2 1 3 2149 387360
Rx 0.896496 2 1 3 3522 391520
Rx 0.896796 2 1 3 2 0
Rx 0.896796 2 1 3 3550 391520
Rx 0.896996 2 1 3 4089 391520
Rx 0.897096 2 1 3 2149 391520
Rx 0.897296 2 1 3 3554 391520
Rx 0.897396 2 1 3 2415 391520
Rx 0.897596 2 1 3 3554 391520
Rx 0.897796 2 1 3 2 0
Rx 0.897896 2 1 3 5337 391520
Rx 0.898096 2 1 3 3554 391520
Rx 0.898296 2 1 3 5002 391520
Rx 0.898396 2 1 3 2149 391520
Rx 0.898596 2 1 3 2149 391520
Rx 0.898796 2 1 3 2 0
Rx 0.898896 2 1 3 5337 391520
Rx 0.899096 2 1 3 5337 391520
Rx 0.899296 2 1 3 4543 391520
Rx 0.899396 2 1 3 2149 391520
Rx 0.899596 2 1 3 2149 391520
Rx 0.899796 2 1 3 2 0
Rx 0.899896 2 1 3 5337 391520
Rx 0.900096 2 1 3 3554 391520
Rx 0.900196 2 1 3 4497 391520
Rx 0.900396 2 1 3 3554 391520
Rx 0.900596 2 1 3 2256 391520
Rx 0.900696 2 1 3 2149 391520
Rx 0.900896 2 1 3 2 0
Rx 0.900896 2 1 3 3550 391520
Rx 0.900996 2 1 3 2419 391520
Rx 0.901096 2 1 3 1911 391520
Rx 0.901175 2 1 3 3554 370720
Rx 0.901308 2 1 3 1772 304160
Rx 0.901412 2 1 3 2339 308320
Rx 0.901517 2 1 3 1434 312480
Rx 0.902412 2 1 3 2 0
Rx 0.902412 2 1 3 3550 308320
Rx 0.902517 2 1 3 1804 312480
Rx 0.903508 2 1 3 2 0
Rx 0.903508 2 1 3 1693 304160
Rx 0.904912 2 1 3 2 0
Rx 0.904912 2 1 3 1614 308320
Rx 0.906112 2 1 3 2 0
Rx 0.907312 2 1 3 2 0
Rx 0.908521 2 1 3 2 0
Rx 0.909725 2 1 3 2 0
Rx 0.910925 2 1 3 2 0
Rx 0.912129 2 1 3 2 0
Rx 0.913333 2 1 3 2 0
Rx 0.914537 2 1 3 2 0
Rx 0.915567 2 1 3 2 0
Rx 0.915696 2 1 3 17805 391520
Rx 0.915779 2 1 3 5735 374880
Rx 0.915871 2 1 3 1933 366560
Rx 0.915996 2 1 3 432 391520
Rx 0.916017 2 1 3 1004 312480
Rx 0.916296 2 1 3 861 391520
Rx 0.916496 2 1 3 1647 391520
Rx 0.916596 2 1 3 2 0
Rx 0.916796 2 1 3 3554 391520
Rx 0.916996 2 1 3 5337 391520
Rx 0.917075 2 1 3 2241 370720
Rx 0.917296 2 1 3 3554 391520
Rx 0.917396 2 1 3 1816 391520
Rx 0.917496 2 1 3 1075 391520
Rx 0.917896 2 1 3 2 0
Rx 0.917896 2 1 3 5222 391520
Rx 0.918046 2 1 3 5332 341600
Rx 0.918179 2 1 3 1933 374880
Rx 0.918396 2 1 3 3554 391520
Rx 0.918496 2 1 3 529 391520
Rx 0.918696 2 1 3 1576 391520
Rx 0.918796 2 1 3 1772 391520
Rx 0.918996 2 1 3 2 0
Rx 0.918996 2 1 3 3454 391520
Rx 0.919096 2 1 3 1790 391520
Rx 0.919296 2 1 3 3554 391520
Rx 0.919383 2 1 3 3570 379040
Rx 0.919596 2 1 3 1790 391520
Rx 0.919896 2 1 3 3554 391520
Rx 0.920037 2 1 3 2 0
Rx 0.920037 2 1 3 5176 333280
Rx 0.920125 2 1 3 1933 320800
Rx 0.920296 2 1 3 1719 391520
Rx 0.920396 2 1 3 3544 391520
Rx 0.920492 2 1 3 289 387360
Rx 0.920796 2 1 3 1772 391520
Rx 0.920896 2 1 3 3168 391520
Rx 0.921092 2 1 3 2 0
Rx 0.921229 2 1 3 5337 324960
Rx 0.921396 2 1 3 3965 391520
Rx 0.921496 2 1 3 1647 391520
Rx 0.921596 2 1 3 1614 391520
Rx 0.921696 2 1 3 217 391520
Rx 0.921796 2 1 3 1576 391520
Rx 0.921896 2 1 3 1433 391520
Rx 0.921996 2 1 3 1719 391520
Rx 0.922096 2 1 3 2 0
Rx 0.922196 2 1 3 3554 391520
Rx 0.922237 2 1 3 1816 333280
Rx 0.922496 2 1 3 3554 391520
Rx 0.922596 2 1 3 1816 391520
Rx 0.922796 2 1 3 2114 391520
Rx 0.922896 2 1 3 1772 391520
Rx 0.923096 2 1 3 2 0
Rx 0.923196 2 1 3 3554 391520
Rx 0.923396 2 1 3 5410 391520
Rx 0.923496 2 1 3 1719 391520
Rx 0.923596 2 1 3 1790 391520
Rx 0.923796 2 1 3 1576 391520
Rx 0.923896 2 1 3 1719 391520
Rx 0.923996 2 1 3 3187 391520
Rx 0.924096 2 1 3 2 0
Rx 0.924196 2 1 3 3506 391520
Rx 0.924296 2 1 3 1862 391520
Rx 0.924396 2 1 3 1719 391520
Rx 0.924496 2 1 3 1862 391520
Rx 0.924696 2 1 3 1719 391520
Rx 0.924996 2 1 3 5337 391520
Rx 0.925196 2 1 3 2 0
Rx 0.925196 2 1 3 5433 391520
Rx 0.925296 2 1 3 1933 391520
Rx 0.925396 2 1 3 1647 391520
Rx 0.925496 2 1 3 1933 391520
Rx 0.925596 2 1 3 1576 391520
Rx 0.925896 2 1 3 3363 391520
Rx 0.925996 2 1 3 1790 391520
Rx 0.926196 2 1 3 2 0
Rx 0.926292 2 1 3 3554 387360
Rx 0.926317 2 1 3 5286 312480
Rx 0.926417 2 1 3 1933 312480
Rx 0.926712 2 1 3 1790 308320
Rx 0.927512 2 1 3 2 0
Rx 0.927512 2 1 3 3550 308320
Rx 0.927617 2 1 3 3073 312480
Rx 0.928608 2 1 3 2 0
Rx 0.928912 2 1 3 1685 308320
Rx 0.930008 2 1 3 2 0
Rx 0.930008 2 1 3 1614 304160
Rx 0.931312 2 1 3 1614 308320
Rx 0.932512 2 1 3 1614 308320
Rx 0.933712 2 1 3 1614 308320
Rx 0.934912 2 1 3 1614 308320
Rx 0.936112 2 1 3 1614 308320
Rx 0.937312 2 1 3 1614 308320
Rx 0.938512 2 1 3 1614 308320
Rx 0.939712 2 1 3 1614 308320
Rx 0.940796 2 1 3 2 0
Rx 0.940796 2 1 3 1768 391520
Rx 0.940892 2 1 3 3554 387360
Rx 0.940929 2 1 3 3950 324960
Rx 0.941092 2 1 3 1933 387360
Rx 0.941117 2 1 3 1790 312480
Rx 0.941225 2 1 3 1647 320800
Rx 0.941396 2 1 3 289 391520
Rx 0.941496 2 1 3 1361 391520
Rx 0.941896 2 1 3 2 0
Rx 0.941896 2 1 3 3506 391520
Rx 0.941996 2 1 3 3473 391520
Rx 0.942212 2 1 3 3554 308320
Rx 0.942496 2 1 3 5534 391520
Rx 0.942596 2 1 3 1504 391520
Rx 0.942796 2 1 3 289 391520
Rx 0.942896 2 1 3 2 0
Rx 0.942996 2 1 3 1772 391520
Rx 0.943096 2 1 3 3025 391520
Rx 0.943196 2 1 3 3401 391520
Rx 0.943296 2 1 3 1862 391520
Rx 0.943596 2 1 3 5337 391520
Rx 0.943796 2 1 3 1748 391520
Rx 0.943896 2 1 3 2 0
Rx 0.944096 2 1 3 3554 391520
Rx 0.944196 2 1 3 3532 391520
Rx 0.944262 2 1 3 1790 358240
Rx 0.944325 2 1 3 3544 320800
Rx 0.944696 2 1 3 3554 391520
Rx 0.944796 2 1 3 672 391520
Rx 0.944896 2 1 3 2 0
Rx 0.945096 2 1 3 3554 391520
Rx 0.945196 2 1 3 3818 391520
Rx 0.945246 2 1 3 1647 341600
Rx 0.945396 2 1 3 1933 391520
Rx 0.945596 2 1 3 3554 391520
Rx 0.945662 2 1 3 1996 358240
Rx 0.945896 2 1 3 2 0
Rx 0.946096 2 1 3 3554 391520
Rx 0.946196 2 1 3 3031 391520
Rx 0.946396 2 1 3 3554 391520
Rx 0.946596 2 1 3 3532 391520
Rx 0.946692 2 1 3 1933 387360
Rx 0.946896 2 1 3 2 0
Rx 0.946996 2 1 3 3554 391520
Rx 0.947096 2 1 3 3212 391520
Rx 0.947196 2 1 3 1933 391520
Rx 0.947342 2 1 3 3435 337440
Rx 0.947496 2 1 3 1719 391520
Rx 0.947625 2 1 3 3554 320800
Rx 0.947796 2 1 3 100 391520
Rx 0.947896 2 1 3 2 0
Rx 0.948096 2 1 3 3554 391520
Rx 0.948196 2 1 3 2068 391520
Rx 0.948396 2 1 3 3554 391520
Rx 0.948596 2 1 3 3460 391520
Rx 0.948696 2 1 3 1933 391520
Rx 0.948896 2 1 3 2 0
Rx 0.949096 2 1 3 3554 391520
Rx 0.949196 2 1 3 5286 391520
Rx 0.949358 2 1 3 3554 354080
Rx 0.949596 2 1 3 3460 391520
Rx 0.949696 2 1 3 1933 391520
Rx 0.949896 2 1 3 2 0
Rx 0.949996 2 1 3 1772 391520
Rx 0.950096 2 1 3 2811 391520
Rx 0.950196 2 1 3 1790 391520
Rx 0.950296 2 1 3 1719 391520
Rx 0.950396 2 1 3 3473 391520
Rx 0.950596 2 1 3 3506 391520
Rx 0.950696 2 1 3 1719 391520
Rx 0.950896 2 1 3 2 0
Rx 0.951096 2 1 3 3554 391520
Rx 0.951196 2 1 3 3746 391520
Rx 0.951396 2 1 3 3554 391520
Rx 0.951517 2 1 3 5071 312480
Rx 0.951612 2 1 3 1862 308320
Rx 0.951812 2 1 3 2 0
Rx 0.952612 2 1 3 3554 308320
Rx 0.952717 2 1 3 3999 312480
Rx 0.954008 2 1 3 2 0
Rx 0.954008 2 1 3 1768 304160
Rx 0.954112 2 1 3 994 308320
Rx 0.955312 2 1 3 2 0
Rx 0.955312 2 1 3 1614 308320
Rx 0.956512 2 1 3 2 0
Rx 0.957712 2 1 3 2 0
Rx 0.958921 2 1 3 2 0
Rx 0.960125 2 1 3 2 0
Rx 0.961325 2 1 3 2 0
Rx 0.962529 2 1 3 2 0
Rx 0.963733 2 1 3 2 0
Rx 0.964937 2 1 3 2 0
Rx 0.965896 2 1 3 14243 391520
Rx 0.965996 2 1 3 2 0
Rx 0.966096 2 1 3 8128 391520
Rx 0.966225 2 1 3 3149 320800
Rx 0.966325 2 1 3 1075 320800
Rx 0.966496 2 1 3 932 391520
Rx 0.966596 2 1 3 1576 391520
Rx 0.966796 2 1 3 289 391520
Rx 0.966892 2 1 3 1719 387360
Rx 0.967096 2 1 3 2 0
Rx 0.967096 2 1 3 3435 391520
Rx 0.967196 2 1 3 3401 391520
Rx 0.967396 2 1 3 1933 391520
Rx 0.967496 2 1 3 1719 391520
Rx 0.967696 2 1 3 3554 391520
Rx 0.967896 2 1 3 1887 391520
Rx 0.967971 2 1 3 1862 366560
Rx 0.968196 2 1 3 2 0
Rx 0.968196 2 1 3 3550 391520
Rx 0.968296 2 1 3 1820 391520
Rx 0.968396 2 1 3 2758 391520
Rx 0.968492 2 1 3 289 387360
Rx 0.968596 2 1 3 1719 391520
Rx 0.968796 2 1 3 1719 391520
Rx 0.969096 2 1 3 3554 391520
Rx 0.969192 2 1 3 2 0
Rx 0.969296 2 1 3 5605 391520
Rx 0.969396 2 1 3 1933 391520
Rx 0.969458 2 1 3 1790 354080
Rx 0.969596 2 1 3 3115 391520
Rx 0.969696 2 1 3 1647 391520
Rx 0.969896 2 1 3 718 391520
Rx 0.969996 2 1 3 1772 391520
Rx 0.970196 2 1 3 2 0
Rx 0.970296 2 1 3 3554 391520
Rx 0.970396 2 1 3 3765 391520
Rx 0.970442 2 1 3 1933 337440
Rx 0.970596 2 1 3 1790 391520
Rx 0.970696 2 1 3 1719 391520
Rx 0.970796 2 1 3 1614 391520
Rx 0.970896 2 1 3 360 391520
Rx 0.970996 2 1 3 1647 391520
Rx 0.971096 2 1 3 1790 391520
Rx 0.971196 2 1 3 2 0
Rx 0.971296 2 1 3 3506 391520
Rx 0.971396 2 1 3 1862 391520
Rx 0.971596 2 1 3 3435 391520
Rx 0.971796 2 1 3 1790 391520
Rx 0.971896 2 1 3 1933 391520
Rx 0.972096 2 1 3 3554 391520
Rx 0.972196 2 1 3 2 0
Rx 0.972396 2 1 3 7116 391520
Rx 0.972596 2 1 3 3537 391520
Rx 0.972696 2 1 3 1933 391520
Rx 0.972858 2 1 3 1075 354080
Rx 0.972996 2 1 3 1504 391520
Rx 0.973092 2 1 3 1772 387360
Rx 0.973296 2 1 3 2 0
Rx 0.973296 2 1 3 3550 391520
Rx 0.973392 2 1 3 2449 387360
Rx 0.973596 2 1 3 3554 391520
Rx 0.973796 2 1 3 1816 391520
Rx 0.974196 2 1 3 3554 391520
Rx 0.974296 2 1 3 2 0
Rx 0.974396 2 1 3 7073 391520
Rx 0.974496 2 1 3 1933 391520
Rx 0.974796 2 1 3 3363 391520
Rx 0.975096 2 1 3 3554 391520
Rx 0.975196 2 1 3 3746 391520
Rx 0.975296 2 1 3 2 0
Rx 0.975396 2 1 3 3864 391520
Rx 0.97545 2 1 3 1719 345760
Rx 0.975596 2 1 3 3258 391520
Rx 0.975696 2 1 3 1647 391520
Rx 0.975896 2 1 3 718 391520
Rx 0.975996 2 1 3 1647 391520
Rx 0.976196 2 1 3 3554 391520
Rx 0.976396 2 1 3 2 0
Rx 0.976396 2 1 3 3746 391520
Rx 0.976492 2 1 3 1933 387360
Rx 0.976517 2 1 3 1719 312480
Rx 0.976612 2 1 3 1933 308320
Rx 0.976712 2 1 3 1614 308320
Rx 0.976812 2 1 3 1647 308320
Rx 0.977712 2 1 3 2 0
Rx 0.977712 2 1 3 3550 308320
Rx 0.977817 2 1 3 2177 312480
Rx 0.978012 2 1 3 1614 308320
Rx 0.979112 2 1 3 2 0
Rx 0.979112 2 1 3 3550 308320
Rx 0.979212 2 1 3 1143 308320
Rx 0.980408 2 1 3 2 0
Rx 0.980408 2 1 3 1614 304160
Rx 0.981712 2 1 3 1614 308320
Rx 0.982912 2 1 3 1614 308320
Rx 0.984112 2 1 3 1614 308320
Rx 0.985312 2 1 3 1614 308320
Rx 0.986512 2 1 3 1614 308320
Rx 0.987712 2 1 3 1614 308320
Rx 0.988912 2 1 3 1614 308320
Rx 0.990112 2 1 3 1614 308320
Rx 0.990996 2 1 3 2 0
Rx 0.990996 2 1 3 1504 391520
Rx 0.991096 2 1 3 1772 391520
Rx 0.991196 2 1 3 1772 391520
Rx 0.991296 2 1 3 3554 391520
Rx 0.99135 2 1 3 2108 345760
Rx 0.991475 2 1 3 1862 370720
Rx 0.991696 2 1 3 3554 391520
Rx 0.991796 2 1 3 743 391520
Rx 0.991896 2 1 3 1290 391520
Rx 0.991996 2 1 3 2 0
Rx 0.992296 2 1 3 3554 391520
Rx 0.992396 2 1 3 3570 391520
Rx 0.992625 2 1 3 3554 320800
Rx 0.992896 2 1 3 5391 391520
Rx 0.992996 2 1 3 2 0
Rx 0.993196 2 1 3 3554 391520
Rx 0.993387 2 1 3 3460 383200
Rx 0.993412 2 1 3 1576 308320
Rx 0.993696 2 1 3 1772 391520
Rx 0.993796 2 1 3 3207 391520
Rx 0.993996 2 1 3 2 0
Rx 0.994296 2 1 3 3554 391520
Rx 0.994396 2 1 3 1887 391520
Rx 0.994596 2 1 3 3554 391520
Rx 0.994696 2 1 3 1959 391520
Rx 0.994796 2 1 3 3258 391520
Rx 0.994896 2 1 3 1933 391520
Rx 0.995196 2 1 3 2 0
Rx 0.995196 2 1 3 3435 391520
Rx 0.995396 2 1 3 3554 391520
Rx 0.995496 2 1 3 2030 391520
Rx 0.995596 2 1 3 1719 391520
Rx 0.995696 2 1 3 1933 391520
Rx 0.995896 2 1 3 3506 391520
Rx 0.995996 2 1 3 3258 391520
Rx 0.996396 2 1 3 2 0
Rx 0.996396 2 1 3 3550 391520
Rx 0.996496 2 1 3 3750 391520
Rx 0.996567 2 1 3 1933 362400
Rx 0.996696 2 1 3 1933 391520
Rx 0.996717 2 1 3 1719 312480
Rx 0.996896 2 1 3 1719 391520
Rx 0.996996 2 1 3 861 391520
Rx 0.997196 2 1 3 1685 391520
Rx 0.997296 2 1 3 1772 391520
Rx 0.997496 2 1 3 2 0
Rx 0.997496 2 1 3 3550 391520
Rx 0.997696 2 1 3 3769 391520
Rx 0.997796 2 1 3 1933 391520
Rx 0.997896 2 1 3 1790 391520
Rx 0.997996 2 1 3 1933 391520
Rx 0.998196 2 1 3 1719 391520
Rx 0.998296 2 1 3 1719 391520
Rx 0.998396 2 1 3 3330 391520
Rx 0.998483 2 1 3 2 0
Rx 0.998512 2 1 3 3506 308320
Rx 0.998629 2 1 3 1719 324960
Rx 0.998896 2 1 3 3220 391520
Rx 0.999396 2 1 3 5337 391520
Rx 0.999533 2 1 3 2 0
Rx 0.999533 2 1 3 5433 329120
Rx 0.999696 2 1 3 1933 391520
Rx 0.999796 2 1 3 1647 391520
Rx 0.999896 2 1 3 1576 391520
Rx 0.999996 2 1 3 289 391520
Rx 1.0003 2 1 3 3363 391520
Rx 1.0004 2 1 3 1862 391520
Rx 1.0006 2 1 3 2 0
Rx 1.0007 2 1 3 3554 391520
Rx 1.0008 2 1 3 5286 391520
Rx 1.0009 2 1 3 1933 391520
Rx 1.0012 2 1 3 3435 391520
Rx 1.0014 2 1 3 3554 391520
Rx 1.0015 2 1 3 1959 391520
Rx 1.0016 2 1 3 2 0
Rx 1.00165 2 1 3 3554 341600
Rx 1.00182 2 1 3 3603 312480
Rx 1.00191 2 1 3 3330 308320
Rx 1.00281 2 1 3 2 0
Rx 1.00281 2 1 3 3550 308320
Rx 1.00292 2 1 3 2821 312480
Rx 1.00311 2 1 3 1614 308320
Rx 1.00421 2 1 3 2 0
Rx 1.00421 2 1 3 3077 308320
Rx 1.00431 2 1 3 1614 308320
Rx 1.00551 2 1 3 2 0
Rx 1.00551 2 1 3 1614 304160
Rx 1.00681 2 1 3 2 0
Rx 1.00681 2 1 3 1614 304160
Rx 1.00811 2 1 3 2 0
Rx 1.00811 2 1 3 1614 308320
Rx 1.00931 2 1 3 2 0
Rx 1.01051 2 1 3 2 0
Rx 1.01172 2 1 3 2 0
Rx 1.01292 2 1 3 2 0
Rx 1.01412 2 1 3 2 0
Rx 1.01533 2 1 3 2 0
Rx 1.0161 2 1 3 10681 391520
Rx 1.01617 2 1 3 4140 362400
Rx 1.0163 2 1 3 1933 391520
Rx 1.0164 2 1 3 2 0
Rx 1.0165 2 1 3 3554 391520
Rx 1.01661 2 1 3 3355 308320
Rx 1.01672 2 1 3 1647 320800
Rx 1.017 2 1 3 2434 391520
Rx 1.0172 2 1 3 289 391520
Rx 1.0173 2 1 3 1772 391520
Rx 1.0175 2 1 3 2 0
Rx 1.0175 2 1 3 3526 391520
Rx 1.0176 2 1 3 3330 391520
Rx 1.0179 2 1 3 3554 391520
Rx 1.0181 2 1 3 2102 391520
Rx 1.0183 2 1 3 3554 391520
Rx 1.0184 2 1 3 2030 391520
Rx 1.01846 2 1 3 2 0
Rx 1.01851 2 1 3 3554 308320
Rx 1.01873 2 1 3 5143 324960
Rx 1.0189 2 1 3 789 391520
Rx 1.0193 2 1 3 1772 391520
Rx 1.0194 2 1 3 1881 391520
Rx 1.01959 2 1 3 2 0
Rx 1.01959 2 1 3 3550 387360
Rx 1.0198 2 1 3 3822 391520
Rx 1.0199 2 1 3 1933 391520
Rx 1.02 2 1 3 3187 391520
Rx 1.0201 2 1 3 289 391520
Rx 1.0204 2 1 3 3363 391520
Rx 1.0205 2 1 3 1862 391520
Rx 1.0207 2 1 3 2 0
Rx 1.0207 2 1 3 3550 391520
Rx 1.02078 2 1 3 1963 379040
Rx 1.0209 2 1 3 1719 391520
Rx 1.021 2 1 3 1933 391520
Rx 1.0212 2 1 3 3401 391520
Rx 1.0213 2 1 3 1576 391520
Rx 1.0214 2 1 3 1790 391520
Rx 1.0215 2 1 3 1933 391520
Rx 1.0217 2 1 3 2 0
Rx 1.02177 2 1 3 5222 370720
Rx 1.02196 2 1 3 3554 358240
Rx 1.0222 2 1 3 1887 391520
Rx 1.0223 2 1 3 1933 391520
Rx 1.0225 2 1 3 1772 391520
Rx 1.0226 2 1 3 3554 391520
Rx 1.0228 2 1 3 2 0
Rx 1.0228 2 1 3 3550 391520
Rx 1.023 2 1 3 4548 391520
Rx 1.0231 2 1 3 1933 391520
Rx 1.0233 2 1 3 1933 391520
Rx 1.0235 2 1 3 3292 391520
Rx 1.02357 2 1 3 3544 370720
Rx 1.02371 2 1 3 2 0
Rx 1.024 2 1 3 3554 391520
Rx 1.0241 2 1 3 2888 391520
Rx 1.0244 2 1 3 1772 391520
Rx 1.0246 2 1 3 3383 391520
Rx 1.0247 2 1 3 1933 391520
Rx 1.0249 2 1 3 2 0
Rx 1.0249 2 1 3 3550 391520
Rx 1.025 2 1 3 3574 391520
Rx 1.02519 2 1 3 2219 387360
Rx 1.0255 2 1 3 3554 391520
Rx 1.0257 2 1 3 3460 391520
Rx 1.0258 2 1 3 1933 391520
Rx 1.026 2 1 3 2 0
Rx 1.026 2 1 3 3550 391520
Rx 1.0261 2 1 3 3359 391520
Rx 1.0262 2 1 3 1790 391520
Rx 1.0266 2 1 3 5151 391520
Rx 1.0268 2 1 3 3649 391520
Rx 1.02682 2 1 3 1933 312480
Rx 1.02692 2 1 3 2 0
Rx 1.02701 2 1 3 3554 308320
Rx 1.02711 2 1 3 3284 308320
Rx 1.02791 2 1 3 2 0
Rx 1.02802 2 1 3 5337 312480
Rx 1.02812 2 1 3 1105 316640
Rx 1.02852 2 1 3 1614 312480
Rx 1.02931 2 1 3 2 0
Rx 1.02931 2 1 3 3077 308320
Rx 1.02971 2 1 3 1614 308320
Rx 1.03061 2 1 3 2 0
Rx 1.03091 2 1 3 1614 308320
Rx 1.03191 2 1 3 2 0
Rx 1.03191 2 1 3 1614 304160
Rx 1.03321 2 1 3 2 0
Rx 1.03321 2 1 3 1614 304160
Rx 1.03451 2 1 3 1614 308320
Rx 1.03571 2 1 3 1614 308320
Rx 1.03691 2 1 3 1614 308320
Rx 1.03811 2 1 3 1614 308320
Rx 1.03931 2 1 3 1614 308320
Rx 1.04052 2 1 3 1614 312480
Rx 1.0412 2 1 3 2 0
Rx 1.0412 2 1 3 1768 391520
Rx 1.0413 2 1 3 3554 391520
Rx 1.04139 2 1 3 1910 383200
Rx 1.04142 2 1 3 1790 320800
Rx 1.0416 2 1 3 3401 391520
Rx 1.04173 2 1 3 3149 324960
Rx 1.04189 2 1 3 289 383200
Rx 1.0421 2 1 3 1772 391520
Rx 1.0422 2 1 3 2 0
Rx 1.04239 2 1 3 2668 387360
Rx 1.04272 2 1 3 3554 320800
Rx 1.0429 2 1 3 5071 391520
Rx 1.043 2 1 3 1719 391520
Rx 1.0431 2 1 3 1933 391520
Rx 1.0432 2 1 3 2 0
Rx 1.0433 2 1 3 1772 391520
Rx 1.0435 2 1 3 1738 391520
Rx 1.04372 2 1 3 3554 320800
Rx 1.0439 2 1 3 3675 391520
Rx 1.044 2 1 3 3544 391520
Rx 1.04405 2 1 3 789 345760
Rx 1.0442 2 1 3 2 0
Rx 1.0443 2 1 3 1772 391520
Rx 1.0445 2 1 3 1738 391520
Rx 1.04472 2 1 3 3554 320800
Rx 1.04482 2 1 3 3818 312480
Rx 1.04492 2 1 3 1862 316640
Rx 1.04502 2 1 3 1933 312480
Rx 1.04511 2 1 3 2 0
Rx 1.04581 2 1 3 1884 308320
Rx 1.04651 2 1 3 2 0
Rx 1.04651 2 1 3 1614 308320
Rx 1.04771 2 1 3 2 0
Rx 1.04891 2 1 3 2 0
Rx 1.05012 2 1 3 2 0
Rx 1.05132 2 1 3 2 0
Rx 1.05252 2 1 3 2 0
Rx 1.05373 2 1 3 2 0
Rx 1.05493 2 1 3 2 0
Rx 1.05614 2 1 3 2 0
Rx 1.05735 2 1 3 2 0
