0.006 1 1 0
0.012 1 1 4
0.016 1 1 0
0.022 1 1 0
0.026 1 1 0
0.0296 1 1 0
0.0308083 1 1 0
0.032 1 1 10
0.036 1 1 0
0.0396 1 1 0
0.0408083 1 1 0
0.042 1 1 0
0.046 1 1 0
0.0496 1 1 0
0.0508083 1 1 0
0.052 1 1 3
0.056 1 1 0
0.0596 1 1 0
0.0608083 1 1 0
0.062 1 1 0
0.066 1 1 0
0.0696 1 1 0
0.0708083 1 1 0
0.072 1 1 0
0.076 1 1 0
0.0796 1 1 0
0.0808083 1 1 0
0.082 1 1 0
0.086 1 1 0
0.0896 1 1 0
0.0908083 1 1 0
0.092 1 1 0
0.096 1 1 0
0.0996 1 1 0
0.100808 1 1 0
0.102 1 1 0
0.106 1 1 0
0.1096 1 1 0
0.110808 1 1 0
0.112 1 1 0
0.116 1 1 0
0.1196 1 1 0
0.120808 1 1 0
0.122 1 1 0
0.126 1 1 0
0.1296 1 1 0
0.130808 1 1 0
0.132 1 1 0
0.136 1 1 0
0.1396 1 1 0
0.140808 1 1 0
0.142 1 1 0
0.146 1 1 0
0.1496 1 1 0
0.150808 1 1 0
0.152 1 1 0
0.156 1 1 0
0.1596 1 1 0
0.160808 1 1 0
0.162 1 1 0
0.166 1 1 0
0.1696 1 1 0
0.170808 1 1 0
0.172 1 1 0
0.176 1 1 0
0.1796 1 1 0
0.180808 1 1 0
0.182 1 1 0
0.186 1 1 0
0.1896 1 1 0
0.190808 1 1 0
0.192 1 1 0
0.196 1 1 0
0.1996 1 1 0
0.200808 1 1 0
0.202 1 1 0
0.206 1 1 0
0.2096 1 1 0
0.210808 1 1 0
0.212 1 1 0
0.216 1 1 0
0.2196 1 1 0
0.220808 1 1 0
0.222 1 1 0
0.226 1 1 0
0.2296 1 1 0
0.230808 1 1 0
0.232 1 1 0
0.236 1 1 0
0.2396 1 1 0
0.240808 1 1 0
0.242 1 1 0
0.246 1 1 0
0.2496 1 1 0
0.250808 1 1 0
0.252 1 1 0
0.256 1 1 0
0.2596 1 1 0
0.260808 1 1 0
0.262 1 1 0
0.266 1 1 0
0.2696 1 1 0
0.270808 1 1 0
0.272 1 1 0
0.276 1 1 0
0.2796 1 1 0
0.280808 1 1 0
0.282 1 1 0
0.286 1 1 0
0.2896 1 1 0
0.290808 1 1 0
0.292 1 1 0
0.296 1 1 0
0.2996 1 1 0
0.300808 1 1 0
0.302 1 1 0
0.306 1 1 0
0.3096 1 1 0
0.310808 1 1 0
0.312 1 1 0
0.316 1 1 0
0.3196 1 1 0
0.320808 1 1 0
0.322 1 1 0
0.326 1 1 0
0.3296 1 1 0
0.330808 1 1 0
0.332 1 1 0
0.336 1 1 0
0.3396 1 1 0
0.340808 1 1 0
0.342 1 1 0
0.346 1 1 0
0.3496 1 1 0
0.350808 1 1 0
0.352 1 1 0
0.356 1 1 0
0.3596 1 1 0
0.360808 1 1 0
0.362 1 1 0
0.366 1 1 0
0.3696 1 1 0
0.370808 1 1 0
0.372 1 1 0
0.376 1 1 0
0.3796 1 1 0
0.380808 1 1 0
0.382 1 1 0
0.386 1 1 0
0.3896 1 1 0
0.390808 1 1 0
0.392 1 1 0
0.396 1 1 0
0.3996 1 1 0
0.400808 1 1 0
0.402 1 1 0
0.406 1 1 0
0.4096 1 1 0
0.410808 1 1 0
0.412 1 1 0
0.416 1 1 0
0.4196 1 1 0
0.420808 1 1 0
0.422 1 1 0
0.426 1 1 0
0.4296 1 1 0
0.430808 1 1 0
0.432 1 1 0
0.436 1 1 0
0.4396 1 1 0
0.440808 1 1 0
0.442 1 1 0
0.446 1 1 0
0.4496 1 1 0
0.450808 1 1 0
0.452 1 1 0
0.456 1 1 0
0.4596 1 1 0
0.460808 1 1 0
0.462 1 1 0
0.466 1 1 0
0.4696 1 1 0
0.470808 1 1 0
0.472 1 1 0
0.476 1 1 0
0.4796 1 1 0
0.480808 1 1 0
0.482 1 1 0
0.486 1 1 0
0.4896 1 1 0
0.490808 1 1 0
0.492 1 1 0
0.496 1 1 0
0.4996 1 1 0
0.500808 1 1 0
0.502 1 1 0
0.506 1 1 0
0.5096 1 1 0
0.510808 1 1 0
0.512 1 1 0
0.516 1 1 0
0.5196 1 1 0
0.520808 1 1 0
0.522 1 1 0
0.526 1 1 0
0.5296 1 1 0
0.530808 1 1 0
0.532 1 1 0
0.536 1 1 0
0.5396 1 1 0
0.540808 1 1 0
0.542 1 1 0
0.546 1 1 0
0.5496 1 1 0
0.550808 1 1 0
0.552 1 1 0
0.556 1 1 0
0.5596 1 1 0
0.560808 1 1 0
0.562 1 1 0
0.566 1 1 0
0.5696 1 1 0
0.570808 1 1 0
0.572 1 1 0
0.576 1 1 0
0.5796 1 1 0
0.580808 1 1 0
0.582 1 1 0
0.586 1 1 0
0.5896 1 1 0
0.590808 1 1 0
0.592 1 1 0
0.596 1 1 0
0.5996 1 1 0
0.600808 1 1 0
0.602 1 1 0
0.606 1 1 0
0.6096 1 1 0
0.610808 1 1 0
0.612 1 1 0
0.616 1 1 0
0.6196 1 1 0
0.620808 1 1 0
0.622 1 1 0
0.626 1 1 0
0.6296 1 1 0
0.630808 1 1 0
0.632 1 1 0
0.636 1 1 0
0.6396 1 1 0
0.640808 1 1 0
0.642 1 1 0
0.646 1 1 0
0.6496 1 1 0
0.650808 1 1 0
0.652 1 1 0
0.656 1 1 0
0.6596 1 1 0
0.660808 1 1 0
0.662 1 1 0
0.666 1 1 0
0.6696 1 1 0
0.670808 1 1 0
0.672 1 1 0
0.676 1 1 0
0.6796 1 1 0
0.680808 1 1 0
0.682 1 1 0
0.686 1 1 0
0.6896 1 1 0
0.690808 1 1 0
0.692 1 1 0
0.696 1 1 0
0.6996 1 1 0
0.700808 1 1 0
0.702 1 1 0
0.706 1 1 0
0.7096 1 1 0
0.710808 1 1 0
0.712 1 1 0
0.716 1 1 0
0.7196 1 1 0
0.720808 1 1 0
0.722 1 1 0
0.726 1 1 0
0.7296 1 1 0
0.730808 1 1 0
0.732 1 1 0
0.736 1 1 0
0.7396 1 1 0
0.740808 1 1 0
0.742 1 1 0
0.746 1 1 0
0.7496 1 1 0
0.750808 1 1 0
0.752 1 1 0
0.756 1 1 0
0.7596 1 1 0
0.760808 1 1 0
0.762 1 1 0
0.766 1 1 0
0.7696 1 1 0
0.770808 1 1 0
0.772 1 1 0
0.776 1 1 0
0.7796 1 1 0
0.780808 1 1 0
0.782 1 1 0
0.786 1 1 0
0.7896 1 1 0
0.790808 1 1 0
0.792 1 1 0
0.796 1 1 0
0.7996 1 1 0
0.800808 1 1 0
0.802 1 1 0
0.806 1 1 0
0.8096 1 1 0
0.810808 1 1 0
0.812 1 1 0
0.816 1 1 0
0.8196 1 1 0
0.820808 1 1 0
0.822 1 1 0
0.826 1 1 0
0.8296 1 1 0
0.830808 1 1 0
0.832 1 1 0
0.836 1 1 0
0.8396 1 1 0
0.840808 1 1 0
0.842 1 1 0
0.846 1 1 0
0.8496 1 1 0
0.850808 1 1 0
0.852 1 1 0
0.856 1 1 0
0.8596 1 1 0
0.860808 1 1 0
0.862 1 1 0
0.866 1 1 0
0.8696 1 1 0
0.870808 1 1 0
0.872 1 1 0
0.876 1 1 0
0.8796 1 1 0
0.880808 1 1 0
0.882 1 1 0
0.886 1 1 0
0.8896 1 1 0
0.890808 1 1 0
0.892 1 1 0
0.896 1 1 0
0.8996 1 1 0
0.900808 1 1 0
0.902 1 1 0
0.906 1 1 0
0.9096 1 1 0
0.910808 1 1 0
0.912 1 1 0
0.916 1 1 0
0.9196 1 1 0
0.920808 1 1 0
0.922 1 1 0
0.926 1 1 0
0.9296 1 1 0
0.930808 1 1 0
0.932 1 1 0
0.936 1 1 0
0.9396 1 1 0
0.940808 1 1 0
0.942 1 1 0
0.946 1 1 0
0.9496 1 1 0
0.950808 1 1 0
0.952 1 1 0
0.956 1 1 0
0.9596 1 1 0
0.960808 1 1 0
0.962 1 1 0
0.966 1 1 0
0.9696 1 1 0
0.970808 1 1 0
0.972 1 1 0
0.976 1 1 0
0.9796 1 1 0
0.980808 1 1 0
0.982 1 1 0
0.986 1 1 0
0.9896 1 1 0
0.990808 1 1 0
0.992 1 1 0
0.996 1 1 0
0.9996 1 1 0
1.00081 1 1 0
1.002 1 1 0
1.006 1 1 0
1.0096 1 1 0
1.01081 1 1 0
1.012 1 1 0
1.016 1 1 0
1.0196 1 1 0
1.02081 1 1 0
1.022 1 1 0
1.026 1 1 0
1.0296 1 1 0
1.03081 1 1 0
1.032 1 1 0
1.036 1 1 0
1.0396 1 1 0
1.04081 1 1 0
1.042 1 1 0
1.046 1 1 0
1.0496 1 1 0
1.05081 1 1 0
1.052 1 1 0
1.056 1 1 0
1.0596 1 1 0
1.06081 1 1 0
1.062 1 1 0
1.066 1 1 0
1.0696 1 1 0
1.07081 1 1 0
1.072 1 1 0
1.076 1 1 0
1.0796 1 1 0
1.08081 1 1 0
1.082 1 1 0
1.086 1 1 0
1.0896 1 1 0
1.09081 1 1 0
1.092 1 1 0
1.096 1 1 0
1.0996 1 1 0
1.10081 1 1 0
1.102 1 1 0
1.106 1 1 0
1.1096 1 1 0
1.11081 1 1 0
1.112 1 1 0
1.116 1 1 0
1.1196 1 1 0
1.12081 1 1 0
1.122 1 1 0
1.126 1 1 0
1.1296 1 1 0
1.13081 1 1 0
1.132 1 1 0
1.136 1 1 0
1.1396 1 1 0
1.14081 1 1 0
1.142 1 1 0
1.146 1 1 0
1.1496 1 1 0
1.15081 1 1 0
1.152 1 1 0
1.156 1 1 0
1.1596 1 1 0
1.16081 1 1 0
1.162 1 1 0
1.166 1 1 0
1.1696 1 1 0
1.17081 1 1 0
1.172 1 1 0
1.176 1 1 0
1.1796 1 1 0
1.18081 1 1 0
1.182 1 1 0
1.186 1 1 0
1.1896 1 1 0
1.19081 1 1 0
1.192 1 1 0
1.196 1 1 0
1.1996 1 1 0
1.20081 1 1 0
1.202 1 1 0
1.206 1 1 0
1.2096 1 1 0
1.21081 1 1 0
1.212 1 1 0
1.216 1 1 0
1.2196 1 1 0
1.22081 1 1 0
1.222 1 1 0
1.226 1 1 0
1.2296 1 1 0
1.23081 1 1 0
1.232 1 1 0
1.236 1 1 0
1.2396 1 1 0
1.24081 1 1 0
1.242 1 1 0
1.246 1 1 0
1.2496 1 1 0
1.25081 1 1 0
1.252 1 1 0
1.256 1 1 0
1.2596 1 1 0
1.26081 1 1 0
1.262 1 1 0
1.266 1 1 0
1.2696 1 1 0
1.27081 1 1 0
1.272 1 1 0
1.276 1 1 0
1.2796 1 1 0
1.28081 1 1 0
1.282 1 1 0
1.286 1 1 0
1.2896 1 1 0
1.29081 1 1 0
1.292 1 1 0
1.296 1 1 0
1.2996 1 1 0
1.30081 1 1 0
1.302 1 1 0
1.306 1 1 0
1.3096 1 1 0
1.31081 1 1 0
1.312 1 1 0
1.316 1 1 0
1.3196 1 1 0
1.32081 1 1 0
1.322 1 1 0
1.326 1 1 0
1.3296 1 1 0
1.33081 1 1 0
1.332 1 1 0
1.336 1 1 0
1.3396 1 1 0
1.34081 1 1 0
1.342 1 1 0
1.346 1 1 0
1.3496 1 1 0
1.35081 1 1 0
1.352 1 1 0
1.356 1 1 0
1.3596 1 1 0
1.36081 1 1 0
1.362 1 1 0
1.366 1 1 0
1.3696 1 1 0
1.37081 1 1 0
1.372 1 1 0
1.376 1 1 0
1.3796 1 1 0
1.38081 1 1 0
1.382 1 1 0
1.386 1 1 0
1.3896 1 1 0
1.39081 1 1 0
1.392 1 1 0
1.396 1 1 0
1.3996 1 1 0
1.40081 1 1 0
1.402 1 1 0
1.406 1 1 0
1.4096 1 1 0
1.41081 1 1 0
1.412 1 1 0
1.416 1 1 0
1.4196 1 1 0
1.42081 1 1 0
1.422 1 1 0
1.426 1 1 0
1.4296 1 1 0
1.43081 1 1 0
1.432 1 1 0
1.436 1 1 0
1.4396 1 1 0
1.44081 1 1 0
1.442 1 1 0
1.446 1 1 0
1.4496 1 1 0
1.45081 1 1 0
1.452 1 1 0
1.456 1 1 0
1.4596 1 1 0
1.46081 1 1 0
1.462 1 1 0
1.466 1 1 0
1.4696 1 1 0
1.47081 1 1 0
1.472 1 1 0
1.476 1 1 0
1.4796 1 1 0
1.48081 1 1 0
1.482 1 1 0
1.486 1 1 0
1.4896 1 1 0
1.49081 1 1 0
1.492 1 1 0
1.496 1 1 0
1.4996 1 1 0
1.50081 1 1 0
1.502 1 1 0
1.506 1 1 0
1.5096 1 1 0
1.51081 1 1 0
1.512 1 1 0
1.516 1 1 0
1.5196 1 1 0
1.52081 1 1 0
1.522 1 1 0
1.526 1 1 0
1.5296 1 1 0
1.53081 1 1 0
1.532 1 1 0
1.536 1 1 0
1.5396 1 1 0
1.54081 1 1 0
1.542 1 1 0
1.546 1 1 0
1.5496 1 1 0
1.55081 1 1 0
1.552 1 1 0
1.556 1 1 0
1.5596 1 1 0
1.56081 1 1 0
1.562 1 1 0
1.566 1 1 0
1.5696 1 1 0
1.57081 1 1 0
1.572 1 1 0
1.576 1 1 0
1.5796 1 1 0
1.58081 1 1 0
1.582 1 1 0
1.586 1 1 0
1.5896 1 1 0
1.59081 1 1 0
1.592 1 1 0
1.596 1 1 0
1.5996 1 1 0
1.60081 1 1 0
1.602 1 1 0
1.606 1 1 0
1.6096 1 1 0
1.61081 1 1 0
1.612 1 1 0
1.616 1 1 0
1.6196 1 1 0
1.62081 1 1 0
1.622 1 1 0
1.626 1 1 0
1.6296 1 1 0
1.63081 1 1 0
1.632 1 1 0
1.636 1 1 0
1.6396 1 1 0
1.64081 1 1 0
1.642 1 1 0
1.646 1 1 0
1.6496 1 1 0
1.65081 1 1 0
1.652 1 1 0
1.656 1 1 0
1.6596 1 1 0
1.66081 1 1 0
1.662 1 1 0
1.666 1 1 0
1.6696 1 1 0
1.67081 1 1 0
1.672 1 1 0
1.676 1 1 0
1.6796 1 1 0
1.68081 1 1 0
1.682 1 1 0
1.686 1 1 0
1.6896 1 1 0
1.69081 1 1 0
1.692 1 1 0
1.696 1 1 0
1.6996 1 1 0
1.70081 1 1 0
1.702 1 1 0
1.706 1 1 0
1.7096 1 1 0
1.71081 1 1 0
1.712 1 1 0
1.716 1 1 0
1.7196 1 1 0
1.72081 1 1 0
1.722 1 1 0
1.726 1 1 0
1.7296 1 1 0
1.73081 1 1 0
1.732 1 1 0
1.736 1 1 0
1.7396 1 1 0
1.74081 1 1 0
1.742 1 1 0
1.746 1 1 0
1.7496 1 1 0
1.75081 1 1 0
1.752 1 1 0
1.756 1 1 0
1.7596 1 1 0
1.76081 1 1 0
1.762 1 1 0
1.766 1 1 0
1.7696 1 1 0
1.77081 1 1 0
1.772 1 1 0
1.776 1 1 0
1.7796 1 1 0
1.78081 1 1 0
1.782 1 1 0
1.786 1 1 0
1.7896 1 1 0
1.79081 1 1 0
1.792 1 1 0
1.796 1 1 0
1.7996 1 1 0
1.80081 1 1 0
1.802 1 1 0
1.806 1 1 0
1.8096 1 1 0
1.81081 1 1 0
1.812 1 1 0
1.816 1 1 0
1.8196 1 1 0
1.82081 1 1 0
1.822 1 1 0
1.826 1 1 0
1.8296 1 1 0
1.83081 1 1 0
1.832 1 1 0
1.836 1 1 0
1.8396 1 1 0
1.84081 1 1 0
1.842 1 1 0
1.846 1 1 0
1.8496 1 1 0
1.85081 1 1 0
1.852 1 1 0
1.856 1 1 0
1.8596 1 1 0
1.86081 1 1 0
1.862 1 1 0
1.866 1 1 0
1.8696 1 1 0
1.87081 1 1 0
1.872 1 1 0
1.876 1 1 0
1.8796 1 1 0
1.88081 1 1 0
1.882 1 1 0
1.886 1 1 0
1.8896 1 1 0
1.89081 1 1 0
1.892 1 1 0
1.896 1 1 0
1.8996 1 1 0
1.90081 1 1 0
1.902 1 1 0
1.906 1 1 0
1.9096 1 1 0
1.91081 1 1 0
1.912 1 1 0
1.916 1 1 0
1.9196 1 1 0
1.92081 1 1 0
1.922 1 1 0
1.926 1 1 0
1.9296 1 1 0
1.93081 1 1 0
1.932 1 1 0
1.936 1 1 0
1.9396 1 1 0
1.94081 1 1 0
1.942 1 1 0
1.946 1 1 0
1.9496 1 1 0
1.95081 1 1 0
1.952 1 1 0
1.956 1 1 0
1.9596 1 1 0
1.96081 1 1 0
1.962 1 1 0
1.966 1 1 0
1.9696 1 1 0
1.97081 1 1 0
1.972 1 1 0
1.976 1 1 0
1.9796 1 1 0
1.98081 1 1 0
1.982 1 1 0
1.986 1 1 0
1.9896 1 1 0
1.99081 1 1 0
1.992 1 1 0
1.996 1 1 0
1.9996 1 1 0
2.00081 1 1 0
2.002 1 1 0
2.006 1 1 0
2.0096 1 1 0
2.01081 1 1 0
2.012 1 1 0
2.016 1 1 0
2.0196 1 1 0
2.02081 1 1 0
2.022 1 1 0
2.026 1 1 0
2.0296 1 1 0
2.03081 1 1 0
2.032 1 1 0
2.036 1 1 0
2.0396 1 1 0
2.04081 1 1 0
2.042 1 1 0
2.046 1 1 0
2.0496 1 1 0
2.05081 1 1 0
2.052 1 1 0
2.056 1 1 0
2.0596 1 1 0
2.06081 1 1 0
2.062 1 1 0
2.066 1 1 0
2.0696 1 1 0
2.07081 1 1 0
2.072 1 1 0
2.076 1 1 0
2.0796 1 1 0
2.08081 1 1 0
2.082 1 1 0
2.086 1 1 0
2.0896 1 1 0
2.09081 1 1 0
2.092 1 1 0
2.096 1 1 0
2.0996 1 1 0
2.10081 1 1 0
2.102 1 1 0
2.106 1 1 0
2.1096 1 1 0
2.11081 1 1 0
2.112 1 1 0
2.116 1 1 0
2.1196 1 1 0
2.12081 1 1 0
2.122 1 1 0
2.126 1 1 0
2.1296 1 1 0
2.13081 1 1 0
2.132 1 1 0
2.136 1 1 0
2.1396 1 1 0
2.14081 1 1 0
2.142 1 1 0
2.146 1 1 0
2.1496 1 1 0
2.15081 1 1 0
2.152 1 1 0
2.156 1 1 0
2.1596 1 1 0
2.16081 1 1 0
2.162 1 1 0
2.166 1 1 0
2.1696 1 1 0
2.17081 1 1 0
2.172 1 1 0
2.176 1 1 0
2.1796 1 1 0
2.18081 1 1 0
2.182 1 1 0
2.186 1 1 0
2.1896 1 1 0
2.19081 1 1 0
2.192 1 1 0
2.196 1 1 0
2.1996 1 1 0
2.20081 1 1 0
2.202 1 1 0
2.206 1 1 0
2.2096 1 1 0
2.21081 1 1 0
2.212 1 1 0
2.216 1 1 0
2.2196 1 1 0
2.22081 1 1 0
2.222 1 1 0
2.226 1 1 0
2.2296 1 1 0
2.23081 1 1 0
2.232 1 1 0
2.236 1 1 0
2.2396 1 1 0
2.24081 1 1 0
2.242 1 1 0
2.246 1 1 0
2.2496 1 1 0
2.25081 1 1 0
2.252 1 1 0
2.256 1 1 0
2.2596 1 1 0
2.26081 1 1 0
2.262 1 1 0
2.266 1 1 0
2.2696 1 1 0
2.27081 1 1 0
2.272 1 1 0
2.276 1 1 0
2.2796 1 1 0
2.28081 1 1 0
2.282 1 1 0
2.286 1 1 0
2.2896 1 1 0
2.29081 1 1 0
2.292 1 1 0
2.296 1 1 0
2.2996 1 1 0
2.30081 1 1 0
2.302 1 1 0
2.306 1 1 0
2.3096 1 1 0
2.31081 1 1 0
2.312 1 1 0
2.316 1 1 0
2.3196 1 1 0
2.32081 1 1 0
2.322 1 1 0
2.326 1 1 0
2.3296 1 1 0
2.33081 1 1 0
2.332 1 1 0
2.336 1 1 0
2.3396 1 1 0
2.34081 1 1 0
2.342 1 1 0
2.346 1 1 0
2.3496 1 1 0
2.35081 1 1 0
2.352 1 1 0
2.356 1 1 0
2.3596 1 1 0
2.36081 1 1 0
2.362 1 1 0
2.366 1 1 0
2.3696 1 1 0
2.37081 1 1 0
2.372 1 1 0
2.376 1 1 0
2.3796 1 1 0
2.38081 1 1 0
2.382 1 1 0
2.386 1 1 0
2.3896 1 1 0
2.39081 1 1 0
2.392 1 1 0
2.396 1 1 0
2.3996 1 1 0
2.40081 1 1 0
2.402 1 1 0
2.406 1 1 0
2.4096 1 1 0
2.41081 1 1 0
2.412 1 1 0
2.416 1 1 0
2.4196 1 1 0
2.42081 1 1 0
2.422 1 1 0
2.426 1 1 0
2.4296 1 1 0
2.43081 1 1 0
2.432 1 1 0
2.436 1 1 0
2.4396 1 1 0
2.44081 1 1 0
2.442 1 1 0
2.446 1 1 0
2.4496 1 1 0
2.45081 1 1 0
2.452 1 1 0
2.456 1 1 0
2.4596 1 1 0
2.46081 1 1 0
2.462 1 1 0
2.466 1 1 0
2.4696 1 1 0
2.47081 1 1 0
2.472 1 1 0
2.476 1 1 0
2.4796 1 1 0
2.48081 1 1 0
2.482 1 1 0
2.486 1 1 0
2.4896 1 1 0
2.49081 1 1 0
2.492 1 1 0
2.496 1 1 0
2.4996 1 1 0
2.50081 1 1 0
2.502 1 1 0
2.506 1 1 0
2.5096 1 1 0
2.51081 1 1 0
2.512 1 1 0
2.516 1 1 0
2.5196 1 1 0
2.52081 1 1 0
2.522 1 1 0
2.526 1 1 0
2.5296 1 1 0
2.53081 1 1 0
2.532 1 1 0
2.536 1 1 0
2.5396 1 1 0
2.54081 1 1 0
2.542 1 1 0
2.546 1 1 0
2.5496 1 1 0
2.55081 1 1 0
2.552 1 1 0
2.556 1 1 0
2.5596 1 1 0
2.56081 1 1 0
2.562 1 1 0
2.566 1 1 0
2.5696 1 1 0
2.57081 1 1 0
2.572 1 1 0
2.576 1 1 0
2.5796 1 1 0
2.58081 1 1 0
2.582 1 1 0
2.586 1 1 0
2.5896 1 1 0
2.59081 1 1 0
2.592 1 1 0
2.596 1 1 0
2.5996 1 1 0
2.60081 1 1 0
2.602 1 1 0
2.606 1 1 0
2.6096 1 1 0
2.61081 1 1 0
2.612 1 1 0
2.616 1 1 0
2.6196 1 1 0
2.62081 1 1 0
2.622 1 1 0
2.626 1 1 0
2.6296 1 1 0
2.63081 1 1 0
2.632 1 1 0
2.636 1 1 0
2.6396 1 1 0
2.64081 1 1 0
2.642 1 1 0
2.646 1 1 0
2.6496 1 1 0
2.65081 1 1 0
2.652 1 1 0
2.656 1 1 0
2.6596 1 1 0
2.66081 1 1 0
2.662 1 1 0
2.666 1 1 0
2.6696 1 1 0
2.67081 1 1 0
2.672 1 1 0
2.676 1 1 0
2.6796 1 1 0
2.68081 1 1 0
2.682 1 1 0
2.686 1 1 0
2.6896 1 1 0
2.69081 1 1 0
2.692 1 1 0
2.696 1 1 0
2.6996 1 1 0
2.70081 1 1 0
2.702 1 1 0
2.706 1 1 0
2.7096 1 1 0
2.71081 1 1 0
2.712 1 1 0
2.716 1 1 0
2.7196 1 1 0
2.72081 1 1 0
2.722 1 1 0
2.726 1 1 0
2.7296 1 1 0
2.73081 1 1 0
2.732 1 1 0
2.736 1 1 0
2.7396 1 1 0
2.74081 1 1 0
2.742 1 1 0
2.746 1 1 0
2.7496 1 1 0
2.75081 1 1 0
2.752 1 1 0
2.756 1 1 0
2.7596 1 1 0
2.76081 1 1 0
2.762 1 1 0
2.766 1 1 0
2.7696 1 1 0
2.77081 1 1 0
2.772 1 1 0
2.776 1 1 0
2.7796 1 1 0
2.78081 1 1 0
2.782 1 1 0
2.786 1 1 0
2.7896 1 1 0
2.79081 1 1 0
2.792 1 1 0
2.796 1 1 0
2.7996 1 1 0
2.80081 1 1 0
2.802 1 1 0
2.806 1 1 0
2.8096 1 1 0
2.81081 1 1 0
2.812 1 1 0
2.816 1 1 0
2.8196 1 1 0
2.82081 1 1 0
2.822 1 1 0
2.826 1 1 0
2.8296 1 1 0
2.83081 1 1 0
2.832 1 1 0
2.836 1 1 0
2.8396 1 1 0
2.84081 1 1 0
2.842 1 1 0
2.846 1 1 0
2.8496 1 1 0
2.85081 1 1 0
2.852 1 1 0
2.856 1 1 0
2.8596 1 1 0
2.86081 1 1 0
2.862 1 1 0
2.866 1 1 0
2.8696 1 1 0
2.87081 1 1 0
2.872 1 1 0
2.876 1 1 0
2.8796 1 1 0
2.88081 1 1 0
2.882 1 1 0
2.886 1 1 0
2.8896 1 1 0
2.89081 1 1 0
2.892 1 1 0
2.896 1 1 0
2.8996 1 1 0
2.90081 1 1 0
2.902 1 1 0
2.906 1 1 0
2.9096 1 1 0
2.91081 1 1 0
2.912 1 1 0
2.916 1 1 0
2.9196 1 1 0
2.92081 1 1 0
2.922 1 1 0
2.926 1 1 0
2.9296 1 1 0
2.93081 1 1 0
2.932 1 1 0
2.936 1 1 0
2.9396 1 1 0
2.94081 1 1 0
2.942 1 1 0
2.946 1 1 0
2.9496 1 1 0
2.95081 1 1 0
2.952 1 1 0
2.956 1 1 0
2.9596 1 1 0
2.96081 1 1 0
2.962 1 1 0
2.966 1 1 0
2.9696 1 1 0
2.97081 1 1 0
2.972 1 1 0
2.976 1 1 0
2.9796 1 1 0
2.98081 1 1 0
2.982 1 1 0
2.986 1 1 0
2.9896 1 1 0
2.99081 1 1 0
2.992 1 1 0
2.996 1 1 0
2.9996 1 1 0
3.00081 1 1 0
3.002 1 1 0
3.006 1 1 0
3.0096 1 1 0
3.01081 1 1 0
3.012 1 1 0
3.016 1 1 0
3.0196 1 1 0
3.02081 1 1 0
3.022 1 1 0
3.026 1 1 0
3.0296 1 1 0
3.03081 1 1 0
3.032 1 1 0
3.036 1 1 0
3.0396 1 1 0
3.04081 1 1 0
3.042 1 1 0
3.046 1 1 0
3.0496 1 1 0
3.05081 1 1 0
3.052 1 1 0
3.056 1 1 0
3.0596 1 1 0
3.06081 1 1 0
3.062 1 1 0
3.066 1 1 0
3.0696 1 1 0
3.07081 1 1 0
3.072 1 1 0
3.076 1 1 0
3.0796 1 1 0
3.08081 1 1 0
3.082 1 1 0
3.086 1 1 0
3.0896 1 1 0
3.09081 1 1 0
3.092 1 1 0
3.096 1 1 0
3.0996 1 1 0
3.10081 1 1 0
3.102 1 1 0
3.106 1 1 0
3.1096 1 1 0
3.11081 1 1 0
3.112 1 1 0
3.116 1 1 0
3.1196 1 1 0
3.12081 1 1 0
3.122 1 1 0
3.126 1 1 0
3.1296 1 1 0
3.13081 1 1 0
3.132 1 1 0
3.136 1 1 0
3.1396 1 1 0
3.14081 1 1 0
3.142 1 1 0
3.146 1 1 0
3.1496 1 1 0
3.15081 1 1 0
3.152 1 1 0
3.156 1 1 0
3.1596 1 1 0
3.16081 1 1 0
3.162 1 1 0
3.166 1 1 0
3.1696 1 1 0
3.17081 1 1 0
3.172 1 1 0
3.176 1 1 0
3.1796 1 1 0
3.18081 1 1 0
3.182 1 1 0
3.186 1 1 0
3.1896 1 1 0
3.19081 1 1 0
3.192 1 1 0
3.196 1 1 0
3.1996 1 1 0
3.20081 1 1 0
3.202 1 1 0
3.206 1 1 0
3.2096 1 1 0
3.21081 1 1 0
3.212 1 1 0
3.216 1 1 0
3.2196 1 1 0
3.22081 1 1 0
3.222 1 1 0
3.226 1 1 0
3.2296 1 1 0
3.23081 1 1 0
3.232 1 1 0
3.236 1 1 0
3.2396 1 1 0
3.24081 1 1 0
3.242 1 1 0
3.246 1 1 0
3.2496 1 1 0
3.25081 1 1 0
3.252 1 1 0
3.256 1 1 0
3.2596 1 1 0
3.26081 1 1 0
3.262 1 1 0
3.266 1 1 0
3.2696 1 1 0
3.27081 1 1 0
3.272 1 1 0
3.276 1 1 0
3.2796 1 1 0
3.28081 1 1 0
3.282 1 1 0
3.286 1 1 0
3.2896 1 1 0
3.29081 1 1 0
3.292 1 1 0
3.296 1 1 0
3.2996 1 1 0
3.30081 1 1 0
3.302 1 1 0
3.306 1 1 0
3.3096 1 1 0
3.31081 1 1 0
3.312 1 1 0
3.316 1 1 0
3.3196 1 1 0
3.32081 1 1 0
3.322 1 1 0
3.326 1 1 0
3.3296 1 1 0
3.33081 1 1 0
3.332 1 1 0
3.336 1 1 0
3.3396 1 1 0
3.34081 1 1 0
3.342 1 1 0
3.346 1 1 0
3.3496 1 1 0
3.35081 1 1 0
3.352 1 1 0
3.356 1 1 0
3.3596 1 1 0
3.36081 1 1 0
3.362 1 1 0
3.366 1 1 0
3.3696 1 1 0
3.37081 1 1 0
3.372 1 1 0
3.376 1 1 0
3.3796 1 1 0
3.38081 1 1 0
3.382 1 1 0
3.386 1 1 0
3.3896 1 1 0
3.39081 1 1 0
3.392 1 1 0
3.396 1 1 0
3.3996 1 1 0
3.40081 1 1 0
3.402 1 1 0
3.406 1 1 0
3.4096 1 1 0
3.41081 1 1 0
3.412 1 1 0
3.416 1 1 0
3.4196 1 1 0
3.42081 1 1 0
3.422 1 1 0
3.426 1 1 0
3.4296 1 1 0
3.43081 1 1 0
3.432 1 1 0
3.436 1 1 0
3.4396 1 1 0
3.44081 1 1 0
3.442 1 1 0
3.446 1 1 0
3.4496 1 1 0
3.45081 1 1 0
3.452 1 1 0
3.456 1 1 0
3.4596 1 1 0
3.46081 1 1 0
3.462 1 1 0
3.466 1 1 0
3.4696 1 1 0
3.47081 1 1 0
3.472 1 1 0
3.476 1 1 0
3.4796 1 1 0
3.48081 1 1 0
3.482 1 1 0
3.486 1 1 0
3.4896 1 1 0
3.49081 1 1 0
3.492 1 1 0
3.496 1 1 0
3.4996 1 1 0
3.50081 1 1 0
3.502 1 1 0
3.506 1 1 0
3.5096 1 1 0
3.51081 1 1 0
3.512 1 1 0
3.516 1 1 0
3.5196 1 1 0
3.52081 1 1 0
3.522 1 1 0
3.526 1 1 0
3.5296 1 1 0
3.53081 1 1 0
3.532 1 1 0
3.536 1 1 0
3.5396 1 1 0
3.54081 1 1 0
3.542 1 1 0
3.546 1 1 0
3.5496 1 1 0
3.55081 1 1 0
3.552 1 1 0
3.556 1 1 0
3.5596 1 1 0
3.56081 1 1 0
3.562 1 1 0
3.566 1 1 0
3.5696 1 1 0
3.57081 1 1 0
3.572 1 1 0
3.576 1 1 0
3.5796 1 1 0
3.58081 1 1 0
3.582 1 1 0
3.586 1 1 0
3.5896 1 1 0
3.59081 1 1 0
3.592 1 1 0
3.596 1 1 0
3.5996 1 1 0
3.60081 1 1 0
3.602 1 1 0
3.606 1 1 0
3.6096 1 1 0
3.61081 1 1 0
3.612 1 1 0
3.616 1 1 0
3.6196 1 1 0
3.62081 1 1 0
3.622 1 1 0
3.626 1 1 0
3.6296 1 1 0
3.63081 1 1 0
3.632 1 1 0
3.636 1 1 0
3.6396 1 1 0
3.64081 1 1 0
3.642 1 1 0
3.646 1 1 0
3.6496 1 1 0
3.65081 1 1 0
3.652 1 1 0
3.656 1 1 0
3.6596 1 1 0
3.66081 1 1 0
3.662 1 1 0
3.666 1 1 0
3.6696 1 1 0
3.67081 1 1 0
3.672 1 1 0
3.676 1 1 0
3.6796 1 1 0
3.68081 1 1 0
3.682 1 1 0
3.686 1 1 0
3.6896 1 1 0
3.69081 1 1 0
3.692 1 1 0
3.696 1 1 0
3.6996 1 1 0
3.70081 1 1 0
3.702 1 1 0
3.706 1 1 0
3.7096 1 1 0
3.71081 1 1 0
3.712 1 1 0
3.716 1 1 0
3.7196 1 1 0
3.72081 1 1 0
3.722 1 1 0
3.726 1 1 0
3.7296 1 1 0
3.73081 1 1 0
3.732 1 1 0
3.736 1 1 0
3.7396 1 1 0
3.74081 1 1 0
3.742 1 1 0
3.746 1 1 0
3.7496 1 1 0
3.75081 1 1 0
3.752 1 1 0
3.756 1 1 0
3.7596 1 1 0
3.76081 1 1 0
3.762 1 1 0
3.766 1 1 0
3.7696 1 1 0
3.77081 1 1 0
3.772 1 1 0
3.776 1 1 0
3.7796 1 1 0
3.78081 1 1 0
3.782 1 1 0
3.786 1 1 0
3.7896 1 1 0
3.79081 1 1 0
3.792 1 1 0
3.796 1 1 0
3.7996 1 1 0
3.80081 1 1 0
3.802 1 1 0
3.806 1 1 0
3.8096 1 1 0
3.81081 1 1 0
3.812 1 1 0
3.816 1 1 0
3.8196 1 1 0
3.82081 1 1 0
3.822 1 1 0
3.826 1 1 0
3.8296 1 1 0
3.83081 1 1 0
3.832 1 1 0
3.836 1 1 0
3.8396 1 1 0
3.84081 1 1 0
3.842 1 1 0
3.846 1 1 0
3.8496 1 1 0
3.85081 1 1 0
3.852 1 1 0
3.856 1 1 0
3.8596 1 1 0
3.86081 1 1 0
3.862 1 1 0
3.866 1 1 0
3.8696 1 1 0
3.87081 1 1 0
3.872 1 1 0
3.876 1 1 0
3.8796 1 1 0
3.88081 1 1 0
3.882 1 1 0
3.886 1 1 0
3.8896 1 1 0
3.89081 1 1 0
3.892 1 1 0
3.896 1 1 0
3.8996 1 1 0
3.90081 1 1 0
3.902 1 1 0
3.906 1 1 0
3.9096 1 1 0
3.91081 1 1 0
3.912 1 1 0
3.916 1 1 0
3.9196 1 1 0
3.92081 1 1 0
3.922 1 1 0
3.926 1 1 0
3.9296 1 1 0
3.93081 1 1 0
3.932 1 1 0
3.936 1 1 0
3.9396 1 1 0
3.94081 1 1 0
3.942 1 1 0
3.946 1 1 0
3.9496 1 1 0
3.95081 1 1 0
3.952 1 1 0
3.956 1 1 0
3.9596 1 1 0
3.96081 1 1 0
3.962 1 1 0
3.966 1 1 0
3.9696 1 1 0
3.97081 1 1 0
3.972 1 1 0
3.976 1 1 0
3.9796 1 1 0
3.98081 1 1 0
3.982 1 1 0
3.986 1 1 0
3.9896 1 1 0
3.99081 1 1 0
3.992 1 1 0
3.996 1 1 0
3.9996 1 1 0
4.00081 1 1 0
4.002 1 1 0
4.006 1 1 0
4.0096 1 1 0
4.01081 1 1 0
4.012 1 1 0
4.016 1 1 0
4.0196 1 1 0
4.02081 1 1 0
4.022 1 1 0
4.026 1 1 0
4.0296 1 1 0
4.03081 1 1 0
4.032 1 1 0
4.036 1 1 0
4.0396 1 1 0
4.04081 1 1 0
4.042 1 1 0
4.046 1 1 0
4.0496 1 1 0
4.05081 1 1 0
4.052 1 1 0
4.056 1 1 0
4.0596 1 1 0
4.06081 1 1 0
4.062 1 1 0
4.066 1 1 0
4.0696 1 1 0
4.07081 1 1 0
4.072 1 1 0
4.076 1 1 0
4.0796 1 1 0
4.08081 1 1 0
4.082 1 1 0
4.086 1 1 0
4.0896 1 1 0
4.09081 1 1 0
4.092 1 1 0
4.096 1 1 0
4.0996 1 1 0
4.10081 1 1 0
4.102 1 1 0
4.106 1 1 0
4.1096 1 1 0
4.11081 1 1 0
4.112 1 1 0
4.116 1 1 0
4.1196 1 1 0
4.12081 1 1 0
4.122 1 1 0
4.126 1 1 0
4.1296 1 1 0
4.13081 1 1 0
4.132 1 1 0
4.136 1 1 0
4.1396 1 1 0
4.14081 1 1 0
4.142 1 1 0
4.146 1 1 0
4.1496 1 1 0
4.15081 1 1 0
4.152 1 1 0
4.156 1 1 0
4.1596 1 1 0
4.16081 1 1 0
4.162 1 1 0
4.166 1 1 0
4.1696 1 1 0
4.17081 1 1 0
4.172 1 1 0
4.176 1 1 0
4.1796 1 1 0
4.18081 1 1 0
4.182 1 1 0
4.186 1 1 0
4.1896 1 1 0
4.19081 1 1 0
4.192 1 1 0
4.196 1 1 0
4.1996 1 1 0
4.20081 1 1 0
4.202 1 1 0
4.206 1 1 0
4.2096 1 1 0
4.21081 1 1 0
4.212 1 1 0
4.216 1 1 0
4.2196 1 1 0
4.22081 1 1 0
4.222 1 1 0
4.226 1 1 0
4.2296 1 1 0
4.23081 1 1 0
4.232 1 1 0
4.236 1 1 0
4.2396 1 1 0
4.24081 1 1 0
4.242 1 1 0
4.246 1 1 0
4.2496 1 1 0
4.25081 1 1 0
4.252 1 1 0
4.256 1 1 0
4.2596 1 1 0
4.26081 1 1 0
4.262 1 1 0
4.266 1 1 0
4.2696 1 1 0
4.27081 1 1 0
4.272 1 1 0
4.276 1 1 0
4.2796 1 1 0
4.28081 1 1 0
4.282 1 1 0
4.286 1 1 0
4.2896 1 1 0
4.29081 1 1 0
4.292 1 1 0
4.296 1 1 0
4.2996 1 1 0
4.30081 1 1 0
4.302 1 1 0
4.306 1 1 0
4.3096 1 1 0
4.31081 1 1 0
4.312 1 1 0
4.316 1 1 0
4.3196 1 1 0
4.32081 1 1 0
4.322 1 1 0
4.326 1 1 0
4.3296 1 1 0
4.33081 1 1 0
4.332 1 1 0
4.336 1 1 0
4.3396 1 1 0
4.34081 1 1 0
4.342 1 1 0
4.346 1 1 0
4.3496 1 1 0
4.35081 1 1 0
4.352 1 1 0
4.356 1 1 0
4.3596 1 1 0
4.36081 1 1 0
4.362 1 1 0
4.366 1 1 0
4.3696 1 1 0
4.37081 1 1 0
4.372 1 1 0
4.376 1 1 0
4.3796 1 1 0
4.38081 1 1 0
4.382 1 1 0
4.386 1 1 0
4.3896 1 1 0
4.39081 1 1 0
4.392 1 1 0
4.396 1 1 0
4.3996 1 1 0
4.40081 1 1 0
4.402 1 1 0
4.406 1 1 0
4.4096 1 1 0
4.41081 1 1 0
4.412 1 1 0
4.416 1 1 0
4.4196 1 1 0
4.42081 1 1 0
4.422 1 1 0
4.426 1 1 0
4.4296 1 1 0
4.43081 1 1 0
4.432 1 1 0
4.436 1 1 0
4.4396 1 1 0
4.44081 1 1 0
4.442 1 1 0
4.446 1 1 0
4.4496 1 1 0
4.45081 1 1 0
4.452 1 1 0
4.456 1 1 0
4.4596 1 1 0
4.46081 1 1 0
4.462 1 1 0
4.466 1 1 0
4.4696 1 1 0
4.47081 1 1 0
4.472 1 1 0
4.476 1 1 0
4.4796 1 1 0
4.48081 1 1 0
4.482 1 1 0
4.486 1 1 0
4.4896 1 1 0
4.49081 1 1 0
4.492 1 1 0
4.496 1 1 0
4.4996 1 1 0
4.50081 1 1 0
4.502 1 1 0
4.506 1 1 0
4.5096 1 1 0
4.51081 1 1 0
4.512 1 1 0
4.516 1 1 0
4.5196 1 1 0
4.52081 1 1 0
4.522 1 1 0
4.526 1 1 0
4.5296 1 1 0
4.53081 1 1 0
4.532 1 1 0
4.536 1 1 0
4.5396 1 1 0
4.54081 1 1 0
4.542 1 1 0
4.546 1 1 0
4.5496 1 1 0
4.55081 1 1 0
4.552 1 1 0
4.556 1 1 0
4.5596 1 1 0
4.56081 1 1 0
4.562 1 1 0
4.566 1 1 0
4.5696 1 1 0
4.57081 1 1 0
4.572 1 1 0
4.576 1 1 0
4.5796 1 1 0
4.58081 1 1 0
4.582 1 1 0
4.586 1 1 0
4.5896 1 1 0
4.59081 1 1 0
4.592 1 1 0
4.596 1 1 0
4.5996 1 1 0
4.60081 1 1 0
4.602 1 1 0
4.606 1 1 0
4.6096 1 1 0
4.61081 1 1 0
4.612 1 1 0
4.616 1 1 0
4.6196 1 1 0
4.62081 1 1 0
4.622 1 1 0
4.626 1 1 0
4.6296 1 1 0
4.63081 1 1 0
4.632 1 1 0
4.636 1 1 0
4.6396 1 1 0
4.64081 1 1 0
4.642 1 1 0
4.646 1 1 0
4.6496 1 1 0
4.65081 1 1 0
4.652 1 1 0
4.656 1 1 0
4.6596 1 1 0
4.66081 1 1 0
4.662 1 1 0
4.666 1 1 0
4.6696 1 1 0
4.67081 1 1 0
4.672 1 1 0
4.676 1 1 0
4.6796 1 1 0
4.68081 1 1 0
4.682 1 1 0
4.686 1 1 0
4.6896 1 1 0
4.69081 1 1 0
4.692 1 1 0
4.696 1 1 0
4.6996 1 1 0
4.70081 1 1 0
4.702 1 1 0
4.706 1 1 0
4.7096 1 1 0
4.71081 1 1 0
4.712 1 1 0
4.716 1 1 0
4.7196 1 1 0
4.72081 1 1 0
4.722 1 1 0
4.726 1 1 0
4.7296 1 1 0
4.73081 1 1 0
4.732 1 1 0
4.736 1 1 0
4.7396 1 1 0
4.74081 1 1 0
4.742 1 1 0
4.746 1 1 0
4.7496 1 1 0
4.75081 1 1 0
4.752 1 1 0
4.756 1 1 0
4.7596 1 1 0
4.76081 1 1 0
4.762 1 1 0
4.766 1 1 0
4.7696 1 1 0
4.77081 1 1 0
4.772 1 1 0
4.776 1 1 0
4.7796 1 1 0
4.78081 1 1 0
4.782 1 1 0
4.786 1 1 0
4.7896 1 1 0
4.79081 1 1 0
4.792 1 1 0
4.796 1 1 0
4.7996 1 1 0
4.80081 1 1 0
4.802 1 1 0
4.806 1 1 0
4.8096 1 1 0
4.81081 1 1 0
4.812 1 1 0
4.816 1 1 0
4.8196 1 1 0
4.82081 1 1 0
4.822 1 1 0
4.826 1 1 0
4.8296 1 1 0
4.83081 1 1 0
4.832 1 1 0
4.836 1 1 0
4.8396 1 1 0
4.84081 1 1 0
4.842 1 1 0
4.846 1 1 0
4.8496 1 1 0
4.85081 1 1 0
4.852 1 1 0
4.856 1 1 0
4.8596 1 1 0
4.86081 1 1 0
4.862 1 1 0
4.866 1 1 0
4.8696 1 1 0
4.87081 1 1 0
4.872 1 1 0
4.876 1 1 0
4.8796 1 1 0
4.88081 1 1 0
4.882 1 1 0
4.886 1 1 0
4.8896 1 1 0
4.89081 1 1 0
4.892 1 1 0
4.896 1 1 0
4.8996 1 1 0
4.90081 1 1 0
4.902 1 1 0
4.906 1 1 0
4.9096 1 1 0
4.91081 1 1 0
4.912 1 1 0
4.916 1 1 0
4.9196 1 1 0
4.92081 1 1 0
4.922 1 1 0
4.926 1 1 0
4.9296 1 1 0
4.93081 1 1 0
4.932 1 1 0
4.936 1 1 0
4.9396 1 1 0
4.94081 1 1 0
4.942 1 1 0
4.946 1 1 0
4.9496 1 1 0
4.95081 1 1 0
4.952 1 1 0
4.956 1 1 0
4.9596 1 1 0
4.96081 1 1 0
4.962 1 1 0
4.966 1 1 0
4.9696 1 1 0
4.97081 1 1 0
4.972 1 1 0
4.976 1 1 0
4.9796 1 1 0
4.98081 1 1 0
4.982 1 1 0
4.986 1 1 0
4.9896 1 1 0
4.99081 1 1 0
4.992 1 1 0
4.996 1 1 0
4.9996 1 1 0
5.00081 1 1 0
5.002 1 1 0
5.006 1 1 0
5.0096 1 1 0
5.01081 1 1 0
5.012 1 1 0
5.016 1 1 0
5.0196 1 1 0
5.02081 1 1 0
5.022 1 1 0
5.026 1 1 0
5.0296 1 1 0
5.03081 1 1 0
5.032 1 1 0
5.036 1 1 0
5.0396 1 1 0
5.04081 1 1 0
5.042 1 1 0
5.046 1 1 0
5.0496 1 1 0
5.05081 1 1 0
5.052 1 1 0
5.056 1 1 0
5.0596 1 1 0
5.06081 1 1 0
5.062 1 1 0
5.066 1 1 0
5.0696 1 1 0
5.07081 1 1 0
5.072 1 1 0
5.076 1 1 0
5.0796 1 1 0
5.08081 1 1 0
5.082 1 1 0
5.086 1 1 0
5.0896 1 1 0
5.09081 1 1 0
5.092 1 1 0
5.096 1 1 0
5.0996 1 1 0
5.10081 1 1 0
5.102 1 1 0
5.106 1 1 0
5.1096 1 1 0
5.11081 1 1 0
5.112 1 1 0
5.116 1 1 0
5.1196 1 1 0
5.12081 1 1 0
5.122 1 1 0
5.126 1 1 0
5.1296 1 1 0
5.13081 1 1 0
5.132 1 1 0
5.136 1 1 0
5.1396 1 1 0
5.14081 1 1 0
5.142 1 1 0
5.146 1 1 0
5.1496 1 1 0
5.15081 1 1 0
5.152 1 1 0
5.156 1 1 0
5.1596 1 1 0
5.16081 1 1 0
5.162 1 1 0
5.166 1 1 0
5.1696 1 1 0
5.17081 1 1 0
5.172 1 1 0
5.176 1 1 0
5.1796 1 1 0
5.18081 1 1 0
5.182 1 1 0
5.186 1 1 0
5.1896 1 1 0
5.19081 1 1 0
5.192 1 1 0
5.196 1 1 0
5.1996 1 1 0
5.20081 1 1 0
5.202 1 1 0
5.206 1 1 0
5.2096 1 1 0
5.21081 1 1 0
5.212 1 1 0
5.216 1 1 0
5.2196 1 1 0
5.22081 1 1 0
5.222 1 1 0
5.226 1 1 0
5.2296 1 1 0
5.23081 1 1 0
5.232 1 1 0
5.236 1 1 0
5.2396 1 1 0
5.24081 1 1 0
5.242 1 1 0
5.246 1 1 0
5.2496 1 1 0
5.25081 1 1 0
5.252 1 1 0
5.256 1 1 0
5.2596 1 1 0
5.26081 1 1 0
5.262 1 1 0
5.266 1 1 0
5.2696 1 1 0
5.27081 1 1 0
5.272 1 1 0
5.276 1 1 0
5.2796 1 1 0
5.28081 1 1 0
5.282 1 1 0
5.286 1 1 0
5.2896 1 1 0
5.29081 1 1 0
5.292 1 1 0
5.296 1 1 0
5.2996 1 1 0
5.30081 1 1 0
5.302 1 1 0
5.306 1 1 0
5.3096 1 1 0
5.31081 1 1 0
5.312 1 1 0
5.316 1 1 0
5.3196 1 1 0
5.32081 1 1 0
5.322 1 1 0
5.326 1 1 0
5.3296 1 1 0
5.33081 1 1 0
5.332 1 1 0
5.336 1 1 0
5.3396 1 1 0
5.34081 1 1 0
5.342 1 1 0
5.346 1 1 0
5.3496 1 1 0
5.35081 1 1 0
5.352 1 1 0
5.356 1 1 0
5.3596 1 1 0
5.36081 1 1 0
5.362 1 1 0
5.366 1 1 0
5.3696 1 1 0
5.37081 1 1 0
5.372 1 1 0
5.376 1 1 0
5.3796 1 1 0
5.38081 1 1 0
5.382 1 1 0
5.386 1 1 0
5.3896 1 1 0
5.39081 1 1 0
5.392 1 1 0
5.396 1 1 0
5.3996 1 1 0
5.40081 1 1 0
5.402 1 1 0
5.406 1 1 0
5.4096 1 1 0
5.41081 1 1 0
5.412 1 1 0
5.416 1 1 0
5.4196 1 1 0
5.42081 1 1 0
5.422 1 1 0
5.426 1 1 0
5.4296 1 1 0
5.43081 1 1 0
5.432 1 1 0
5.436 1 1 0
5.4396 1 1 0
5.44081 1 1 0
5.442 1 1 0
5.446 1 1 0
5.4496 1 1 0
5.45081 1 1 0
5.452 1 1 0
5.456 1 1 0
5.4596 1 1 0
5.46081 1 1 0
5.462 1 1 0
5.466 1 1 0
5.4696 1 1 0
5.47081 1 1 0
5.472 1 1 0
5.476 1 1 0
5.4796 1 1 0
5.48081 1 1 0
5.482 1 1 0
5.486 1 1 0
5.4896 1 1 0
5.49081 1 1 0
5.492 1 1 0
5.496 1 1 0
5.4996 1 1 0
5.50081 1 1 0
5.502 1 1 0
5.506 1 1 0
5.5096 1 1 0
5.51081 1 1 0
5.512 1 1 0
5.516 1 1 0
5.5196 1 1 0
5.52081 1 1 0
5.522 1 1 0
5.526 1 1 0
5.5296 1 1 0
5.53081 1 1 0
5.532 1 1 0
5.536 1 1 0
5.5396 1 1 0
5.54081 1 1 0
5.542 1 1 0
5.546 1 1 0
5.5496 1 1 0
5.55081 1 1 0
5.552 1 1 0
5.556 1 1 0
5.5596 1 1 0
5.56081 1 1 0
5.562 1 1 0
5.566 1 1 0
5.5696 1 1 0
5.57081 1 1 0
5.572 1 1 0
5.576 1 1 0
5.5796 1 1 0
5.58081 1 1 0
5.582 1 1 0
5.586 1 1 0
5.5896 1 1 0
5.59081 1 1 0
5.592 1 1 0
5.596 1 1 0
5.5996 1 1 0
5.60081 1 1 0
5.602 1 1 0
5.606 1 1 0
5.6096 1 1 0
5.61081 1 1 0
5.612 1 1 0
5.616 1 1 0
5.6196 1 1 0
5.62081 1 1 0
5.622 1 1 0
5.626 1 1 0
5.6296 1 1 0
5.63081 1 1 0
5.632 1 1 0
5.636 1 1 0
5.6396 1 1 0
5.64081 1 1 0
5.642 1 1 0
5.646 1 1 0
5.6496 1 1 0
5.65081 1 1 0
5.652 1 1 0
5.656 1 1 0
5.6596 1 1 0
5.66081 1 1 0
5.662 1 1 0
5.666 1 1 0
5.6696 1 1 0
5.67081 1 1 0
5.672 1 1 0
5.676 1 1 0
5.6796 1 1 0
5.68081 1 1 0
5.682 1 1 0
5.686 1 1 0
5.6896 1 1 0
5.69081 1 1 0
5.692 1 1 0
5.696 1 1 0
5.6996 1 1 0
5.70081 1 1 0
5.702 1 1 0
5.706 1 1 0
5.7096 1 1 0
5.71081 1 1 0
5.712 1 1 0
5.716 1 1 0
5.7196 1 1 0
5.72081 1 1 0
5.722 1 1 0
5.726 1 1 0
5.7296 1 1 0
5.73081 1 1 0
5.732 1 1 0
5.736 1 1 0
5.7396 1 1 0
5.74081 1 1 0
5.742 1 1 0
5.746 1 1 0
5.7496 1 1 0
5.75081 1 1 0
5.752 1 1 0
5.756 1 1 0
5.7596 1 1 0
5.76081 1 1 0
5.762 1 1 0
5.766 1 1 0
5.7696 1 1 0
5.77081 1 1 0
5.772 1 1 0
5.776 1 1 0
5.7796 1 1 0
5.78081 1 1 0
5.782 1 1 0
5.786 1 1 0
5.7896 1 1 0
5.79081 1 1 0
5.792 1 1 0
5.796 1 1 0
5.7996 1 1 0
5.80081 1 1 0
5.802 1 1 0
5.806 1 1 0
5.8096 1 1 0
5.81081 1 1 0
5.812 1 1 0
5.816 1 1 0
5.8196 1 1 0
5.82081 1 1 0
5.822 1 1 0
5.826 1 1 0
5.8296 1 1 0
5.83081 1 1 0
5.832 1 1 0
5.836 1 1 0
5.8396 1 1 0
5.84081 1 1 0
5.842 1 1 0
5.846 1 1 0
5.8496 1 1 0
5.85081 1 1 0
5.852 1 1 0
5.856 1 1 0
5.8596 1 1 0
5.86081 1 1 0
5.862 1 1 0
5.866 1 1 0
5.8696 1 1 0
5.87081 1 1 0
5.872 1 1 0
5.876 1 1 0
5.8796 1 1 0
5.88081 1 1 0
5.882 1 1 0
5.886 1 1 0
5.8896 1 1 0
5.89081 1 1 0
5.892 1 1 0
5.896 1 1 0
5.8996 1 1 0
5.90081 1 1 0
5.902 1 1 0
5.906 1 1 0
5.9096 1 1 0
5.91081 1 1 0
5.912 1 1 0
5.916 1 1 0
5.9196 1 1 0
5.92081 1 1 0
5.922 1 1 0
5.926 1 1 0
5.9296 1 1 0
5.93081 1 1 0
5.932 1 1 0
5.936 1 1 0
5.9396 1 1 0
5.94081 1 1 0
5.942 1 1 0
5.946 1 1 0
5.9496 1 1 0
5.95081 1 1 0
5.952 1 1 0
5.956 1 1 0
5.9596 1 1 0
5.96081 1 1 0
5.962 1 1 0
5.966 1 1 0
5.9696 1 1 0
5.97081 1 1 0
5.972 1 1 0
5.976 1 1 0
5.9796 1 1 0
5.98081 1 1 0
5.982 1 1 0
5.986 1 1 0
5.9896 1 1 0
5.99081 1 1 0
5.992 1 1 0
5.996 1 1 0
5.9996 1 1 0
6.00081 1 1 0
6.002 1 1 0
6.006 1 1 0
6.0096 1 1 0
6.01081 1 1 0
6.012 1 1 0
6.016 1 1 0
6.0196 1 1 0
6.02081 1 1 0
6.022 1 1 0
6.026 1 1 0
6.0296 1 1 0
6.03081 1 1 0
6.032 1 1 0
6.036 1 1 0
6.0396 1 1 0
6.04081 1 1 0
6.042 1 1 0
6.046 1 1 0
6.0496 1 1 0
6.05081 1 1 0
6.052 1 1 0
6.056 1 1 0
6.0596 1 1 0
6.06081 1 1 0
6.062 1 1 0
6.066 1 1 0
6.0696 1 1 0
6.07081 1 1 0
6.072 1 1 0
6.076 1 1 0
6.0796 1 1 0
6.08081 1 1 0
6.082 1 1 0
6.086 1 1 0
6.0896 1 1 0
6.09081 1 1 0
6.092 1 1 0
6.096 1 1 0
6.0996 1 1 0
6.10081 1 1 0
6.102 1 1 0
6.106 1 1 0
6.1096 1 1 0
6.11081 1 1 0
6.112 1 1 0
6.116 1 1 0
6.1196 1 1 0
6.12081 1 1 0
6.122 1 1 0
6.126 1 1 0
6.1296 1 1 0
6.13081 1 1 0
6.132 1 1 0
6.136 1 1 0
6.1396 1 1 0
6.14081 1 1 0
6.142 1 1 0
6.146 1 1 0
6.1496 1 1 0
6.15081 1 1 0
6.152 1 1 0
6.156 1 1 0
6.1596 1 1 0
6.16081 1 1 0
6.162 1 1 0
6.166 1 1 0
6.1696 1 1 0
6.17081 1 1 0
6.172 1 1 0
6.176 1 1 0
6.1796 1 1 0
6.18081 1 1 0
6.182 1 1 0
6.186 1 1 0
6.1896 1 1 0
6.19081 1 1 0
6.192 1 1 0
6.196 1 1 0
6.1996 1 1 0
6.20081 1 1 0
6.202 1 1 0
6.206 1 1 0
6.2096 1 1 0
6.21081 1 1 0
6.212 1 1 0
6.216 1 1 0
6.2196 1 1 0
6.22081 1 1 0
6.222 1 1 0
6.226 1 1 0
6.2296 1 1 0
6.23081 1 1 0
6.232 1 1 0
6.236 1 1 0
6.2396 1 1 0
6.24081 1 1 0
6.242 1 1 0
6.246 1 1 0
6.2496 1 1 0
6.25081 1 1 0
6.252 1 1 0
6.256 1 1 0
6.2596 1 1 0
6.26081 1 1 0
6.262 1 1 0
6.266 1 1 0
6.2696 1 1 0
6.27081 1 1 0
6.272 1 1 0
6.276 1 1 0
6.2796 1 1 0
6.28081 1 1 0
6.282 1 1 0
6.286 1 1 0
6.2896 1 1 0
6.29081 1 1 0
6.292 1 1 0
6.296 1 1 0
6.2996 1 1 0
6.30081 1 1 0
6.302 1 1 0
6.306 1 1 0
6.3096 1 1 0
6.31081 1 1 0
6.312 1 1 0
6.316 1 1 0
6.3196 1 1 0
6.32081 1 1 0
6.322 1 1 0
6.326 1 1 0
6.3296 1 1 0
6.33081 1 1 0
6.332 1 1 0
6.336 1 1 0
6.3396 1 1 0
6.34081 1 1 0
6.342 1 1 0
6.346 1 1 0
6.3496 1 1 0
6.35081 1 1 0
6.352 1 1 0
6.356 1 1 0
6.3596 1 1 0
6.36081 1 1 0
6.362 1 1 0
6.366 1 1 0
6.3696 1 1 0
6.37081 1 1 0
6.372 1 1 0
6.376 1 1 0
6.3796 1 1 0
6.38081 1 1 0
6.382 1 1 0
6.386 1 1 0
6.3896 1 1 0
6.39081 1 1 0
6.392 1 1 0
6.396 1 1 0
6.3996 1 1 0
6.40081 1 1 0
6.402 1 1 0
6.406 1 1 0
6.4096 1 1 0
6.41081 1 1 0
6.412 1 1 0
6.416 1 1 0
6.4196 1 1 0
6.42081 1 1 0
6.422 1 1 0
6.426 1 1 0
6.4296 1 1 0
6.43081 1 1 0
6.432 1 1 0
6.436 1 1 0
6.4396 1 1 0
6.44081 1 1 0
6.442 1 1 0
6.446 1 1 0
6.4496 1 1 0
6.45081 1 1 0
6.452 1 1 0
6.456 1 1 0
6.4596 1 1 0
6.46081 1 1 0
6.462 1 1 0
6.466 1 1 0
6.4696 1 1 0
6.47081 1 1 0
6.472 1 1 0
6.476 1 1 0
6.4796 1 1 0
6.48081 1 1 0
6.482 1 1 0
6.486 1 1 0
6.4896 1 1 0
6.49081 1 1 0
6.492 1 1 0
6.496 1 1 0
6.4996 1 1 0
6.50081 1 1 0
6.502 1 1 0
6.506 1 1 0
6.5096 1 1 0
6.51081 1 1 0
6.512 1 1 0
6.516 1 1 0
6.5196 1 1 0
6.52081 1 1 0
6.522 1 1 0
6.526 1 1 0
6.5296 1 1 0
6.53081 1 1 0
6.532 1 1 0
6.536 1 1 0
6.5396 1 1 0
6.54081 1 1 0
6.542 1 1 0
6.546 1 1 0
6.5496 1 1 0
6.55081 1 1 0
6.552 1 1 0
6.556 1 1 0
6.5596 1 1 0
6.56081 1 1 0
6.562 1 1 0
6.566 1 1 0
6.5696 1 1 0
6.57081 1 1 0
6.572 1 1 0
6.576 1 1 0
6.5796 1 1 0
6.58081 1 1 0
6.582 1 1 0
6.586 1 1 0
6.5896 1 1 0
6.59081 1 1 0
6.592 1 1 0
6.596 1 1 0
6.5996 1 1 0
6.60081 1 1 0
6.602 1 1 0
6.606 1 1 0
6.6096 1 1 0
6.61081 1 1 0
6.612 1 1 0
6.616 1 1 0
6.6196 1 1 0
6.62081 1 1 0
6.622 1 1 0
6.626 1 1 0
6.6296 1 1 0
6.63081 1 1 0
6.632 1 1 0
6.636 1 1 0
6.6396 1 1 0
6.64081 1 1 0
6.642 1 1 0
6.646 1 1 0
6.6496 1 1 0
6.65081 1 1 0
6.652 1 1 0
6.656 1 1 0
6.6596 1 1 0
6.66081 1 1 0
6.662 1 1 0
6.666 1 1 0
6.6696 1 1 0
6.67081 1 1 0
6.672 1 1 0
6.676 1 1 0
6.6796 1 1 0
6.68081 1 1 0
6.682 1 1 0
6.686 1 1 0
6.6896 1 1 0
6.69081 1 1 0
6.692 1 1 0
6.696 1 1 0
6.6996 1 1 0
6.70081 1 1 0
6.702 1 1 0
6.706 1 1 0
6.7096 1 1 0
6.71081 1 1 0
6.712 1 1 0
6.716 1 1 0
6.7196 1 1 0
6.72081 1 1 0
6.722 1 1 0
6.726 1 1 0
6.7296 1 1 0
6.73081 1 1 0
6.732 1 1 0
6.736 1 1 0
6.7396 1 1 0
6.74081 1 1 0
6.742 1 1 0
6.746 1 1 0
6.7496 1 1 0
6.75081 1 1 0
6.752 1 1 0
6.756 1 1 0
6.7596 1 1 0
6.76081 1 1 0
6.762 1 1 0
6.766 1 1 0
6.7696 1 1 0
6.77081 1 1 0
6.772 1 1 0
6.776 1 1 0
6.7796 1 1 0
6.78081 1 1 0
6.782 1 1 0
6.786 1 1 0
6.7896 1 1 0
6.79081 1 1 0
6.792 1 1 0
6.796 1 1 0
6.7996 1 1 0
6.80081 1 1 0
6.802 1 1 0
6.806 1 1 0
6.8096 1 1 0
6.81081 1 1 0
6.812 1 1 0
6.816 1 1 0
6.8196 1 1 0
6.82081 1 1 0
6.822 1 1 0
6.826 1 1 0
6.8296 1 1 0
6.83081 1 1 0
6.832 1 1 0
6.836 1 1 0
6.8396 1 1 0
6.84081 1 1 0
6.842 1 1 0
6.846 1 1 0
6.8496 1 1 0
6.85081 1 1 0
6.852 1 1 0
6.856 1 1 0
6.8596 1 1 0
6.86081 1 1 0
6.862 1 1 0
6.866 1 1 0
6.8696 1 1 0
6.87081 1 1 0
6.872 1 1 0
6.876 1 1 0
6.8796 1 1 0
6.88081 1 1 0
6.882 1 1 0
6.886 1 1 0
6.8896 1 1 0
6.89081 1 1 0
6.892 1 1 0
6.896 1 1 0
6.8996 1 1 0
6.90081 1 1 0
6.902 1 1 0
6.906 1 1 0
6.9096 1 1 0
6.91081 1 1 0
6.912 1 1 0
6.916 1 1 0
6.9196 1 1 0
6.92081 1 1 0
6.922 1 1 0
6.926 1 1 0
6.9296 1 1 0
6.93081 1 1 0
6.932 1 1 0
6.936 1 1 0
6.9396 1 1 0
6.94081 1 1 0
6.942 1 1 0
6.946 1 1 0
6.9496 1 1 0
6.95081 1 1 0
6.952 1 1 0
6.956 1 1 0
6.9596 1 1 0
6.96081 1 1 0
6.962 1 1 0
6.966 1 1 0
6.9696 1 1 0
6.97081 1 1 0
6.972 1 1 0
6.976 1 1 0
6.9796 1 1 0
6.98081 1 1 0
6.982 1 1 0
6.986 1 1 0
6.9896 1 1 0
6.99081 1 1 0
6.992 1 1 0
6.996 1 1 0
6.9996 1 1 0
7.00081 1 1 0
7.002 1 1 0
7.006 1 1 0
7.0096 1 1 0
7.01081 1 1 0
7.012 1 1 0
7.016 1 1 0
7.0196 1 1 0
7.02081 1 1 0
7.022 1 1 0
7.026 1 1 0
7.0296 1 1 0
7.03081 1 1 0
7.032 1 1 0
7.036 1 1 0
7.0396 1 1 0
7.04081 1 1 0
7.042 1 1 0
7.046 1 1 0
7.0496 1 1 0
7.05081 1 1 0
7.052 1 1 0
7.056 1 1 0
7.0596 1 1 0
7.06081 1 1 0
7.062 1 1 0
7.066 1 1 0
7.0696 1 1 0
7.07081 1 1 0
7.072 1 1 0
7.076 1 1 0
7.0796 1 1 0
7.08081 1 1 0
7.082 1 1 0
7.086 1 1 0
7.0896 1 1 0
7.09081 1 1 0
7.092 1 1 0
7.096 1 1 0
7.0996 1 1 0
7.10081 1 1 0
7.102 1 1 0
7.106 1 1 0
7.1096 1 1 0
7.11081 1 1 0
7.112 1 1 0
7.116 1 1 0
7.1196 1 1 0
7.12081 1 1 0
7.122 1 1 0
7.126 1 1 0
7.1296 1 1 0
7.13081 1 1 0
7.132 1 1 0
7.136 1 1 0
7.1396 1 1 0
7.14081 1 1 0
7.142 1 1 0
7.146 1 1 0
7.1496 1 1 0
7.15081 1 1 0
7.152 1 1 0
7.156 1 1 0
7.1596 1 1 0
7.16081 1 1 0
7.162 1 1 0
7.166 1 1 0
7.1696 1 1 0
7.17081 1 1 0
7.172 1 1 0
7.176 1 1 0
7.1796 1 1 0
7.18081 1 1 0
7.182 1 1 0
7.186 1 1 0
7.1896 1 1 0
7.19081 1 1 0
7.192 1 1 0
7.196 1 1 0
7.1996 1 1 0
7.20081 1 1 0
7.202 1 1 0
7.206 1 1 0
7.2096 1 1 0
7.21081 1 1 0
7.212 1 1 0
7.216 1 1 0
7.2196 1 1 0
7.22081 1 1 0
7.222 1 1 0
7.226 1 1 0
7.2296 1 1 0
7.23081 1 1 0
7.232 1 1 0
7.236 1 1 0
7.2396 1 1 0
7.24081 1 1 0
7.242 1 1 0
7.246 1 1 0
7.2496 1 1 0
7.25081 1 1 0
7.252 1 1 0
7.256 1 1 0
7.2596 1 1 0
7.26081 1 1 0
7.262 1 1 0
7.266 1 1 0
7.2696 1 1 0
7.27081 1 1 0
7.272 1 1 0
7.276 1 1 0
7.2796 1 1 0
7.28081 1 1 0
7.282 1 1 0
7.286 1 1 0
7.2896 1 1 0
7.29081 1 1 0
7.292 1 1 0
7.296 1 1 0
7.2996 1 1 0
7.30081 1 1 0
7.302 1 1 0
7.306 1 1 0
7.3096 1 1 0
7.31081 1 1 0
7.312 1 1 0
7.316 1 1 0
7.3196 1 1 0
7.32081 1 1 0
7.322 1 1 0
7.326 1 1 0
7.3296 1 1 0
7.33081 1 1 0
7.332 1 1 0
7.336 1 1 0
7.3396 1 1 0
7.34081 1 1 0
7.342 1 1 0
7.346 1 1 0
7.3496 1 1 0
7.35081 1 1 0
7.352 1 1 0
7.356 1 1 0
7.3596 1 1 0
7.36081 1 1 0
7.362 1 1 0
7.366 1 1 0
7.3696 1 1 0
7.37081 1 1 0
7.372 1 1 0
7.376 1 1 0
7.3796 1 1 0
7.38081 1 1 0
7.382 1 1 0
7.386 1 1 0
7.3896 1 1 0
7.39081 1 1 0
7.392 1 1 0
7.396 1 1 0
7.3996 1 1 0
7.40081 1 1 0
7.402 1 1 0
7.406 1 1 0
7.4096 1 1 0
7.41081 1 1 0
7.412 1 1 0
7.416 1 1 0
7.4196 1 1 0
7.42081 1 1 0
7.422 1 1 0
7.426 1 1 0
7.4296 1 1 0
7.43081 1 1 0
7.432 1 1 0
7.436 1 1 0
7.4396 1 1 0
7.44081 1 1 0
7.442 1 1 0
7.446 1 1 0
7.4496 1 1 0
7.45081 1 1 0
7.452 1 1 0
7.456 1 1 0
7.4596 1 1 0
7.46081 1 1 0
7.462 1 1 0
7.466 1 1 0
7.4696 1 1 0
7.47081 1 1 0
7.472 1 1 0
7.476 1 1 0
7.4796 1 1 0
7.48081 1 1 0
7.482 1 1 0
7.486 1 1 0
7.4896 1 1 0
7.49081 1 1 0
7.492 1 1 0
7.496 1 1 0
7.4996 1 1 0
7.50081 1 1 0
7.502 1 1 0
7.506 1 1 0
7.5096 1 1 0
7.51081 1 1 0
7.512 1 1 0
7.516 1 1 0
7.5196 1 1 0
7.52081 1 1 0
7.522 1 1 0
7.526 1 1 0
7.5296 1 1 0
7.53081 1 1 0
7.532 1 1 0
7.536 1 1 0
7.5396 1 1 0
7.54081 1 1 0
7.542 1 1 0
7.546 1 1 0
7.5496 1 1 0
7.55081 1 1 0
7.552 1 1 0
7.556 1 1 0
7.5596 1 1 0
7.56081 1 1 0
7.562 1 1 0
7.566 1 1 0
7.5696 1 1 0
7.57081 1 1 0
7.572 1 1 0
7.576 1 1 0
7.5796 1 1 0
7.58081 1 1 0
7.582 1 1 0
7.586 1 1 0
7.5896 1 1 0
7.59081 1 1 0
7.592 1 1 0
7.596 1 1 0
7.5996 1 1 0
7.60081 1 1 0
7.602 1 1 0
7.606 1 1 0
7.6096 1 1 0
7.61081 1 1 0
7.612 1 1 0
7.616 1 1 0
7.6196 1 1 0
7.62081 1 1 0
7.622 1 1 0
7.626 1 1 0
7.6296 1 1 0
7.63081 1 1 0
7.632 1 1 0
7.636 1 1 0
7.6396 1 1 0
7.64081 1 1 0
7.642 1 1 0
7.646 1 1 0
7.6496 1 1 0
7.65081 1 1 0
7.652 1 1 0
7.656 1 1 0
7.6596 1 1 0
7.66081 1 1 0
7.662 1 1 0
7.666 1 1 0
7.6696 1 1 0
7.67081 1 1 0
7.672 1 1 0
7.676 1 1 0
7.6796 1 1 0
7.68081 1 1 0
7.682 1 1 0
7.686 1 1 0
7.6896 1 1 0
7.69081 1 1 0
7.692 1 1 0
7.696 1 1 0
7.6996 1 1 0
7.70081 1 1 0
7.702 1 1 0
7.706 1 1 0
7.7096 1 1 0
7.71081 1 1 0
7.712 1 1 0
7.716 1 1 0
7.7196 1 1 0
7.72081 1 1 0
7.722 1 1 0
7.726 1 1 0
7.7296 1 1 0
7.73081 1 1 0
7.732 1 1 0
7.736 1 1 0
7.7396 1 1 0
7.74081 1 1 0
7.742 1 1 0
7.746 1 1 0
7.7496 1 1 0
7.75081 1 1 0
7.752 1 1 0
7.756 1 1 0
7.7596 1 1 0
7.76081 1 1 0
7.762 1 1 0
7.766 1 1 0
7.7696 1 1 0
7.77081 1 1 0
7.772 1 1 0
7.776 1 1 0
7.7796 1 1 0
7.78081 1 1 0
7.782 1 1 0
7.786 1 1 0
7.7896 1 1 0
7.79081 1 1 0
7.792 1 1 0
7.796 1 1 0
7.7996 1 1 0
7.80081 1 1 0
7.802 1 1 0
7.806 1 1 0
7.8096 1 1 0
7.81081 1 1 0
7.812 1 1 0
7.816 1 1 0
7.8196 1 1 0
7.82081 1 1 0
7.822 1 1 0
7.826 1 1 0
7.8296 1 1 0
7.83081 1 1 0
7.832 1 1 0
7.836 1 1 0
7.8396 1 1 0
7.84081 1 1 0
7.842 1 1 0
7.846 1 1 0
7.8496 1 1 0
7.85081 1 1 0
7.852 1 1 0
7.856 1 1 0
7.8596 1 1 0
7.86081 1 1 0
7.862 1 1 0
7.866 1 1 0
7.8696 1 1 0
7.87081 1 1 0
7.872 1 1 0
7.876 1 1 0
7.8796 1 1 0
7.88081 1 1 0
7.882 1 1 0
7.886 1 1 0
7.8896 1 1 0
7.89081 1 1 0
7.892 1 1 0
7.896 1 1 0
7.8996 1 1 0
7.90081 1 1 0
7.902 1 1 0
7.906 1 1 0
7.9096 1 1 0
7.91081 1 1 0
7.912 1 1 0
7.916 1 1 0
7.9196 1 1 0
7.92081 1 1 0
7.922 1 1 0
7.926 1 1 0
7.9296 1 1 0
7.93081 1 1 0
7.932 1 1 0
7.936 1 1 0
7.9396 1 1 0
7.94081 1 1 0
7.942 1 1 0
7.946 1 1 0
7.9496 1 1 0
7.95081 1 1 0
7.952 1 1 0
7.956 1 1 0
7.9596 1 1 0
7.96081 1 1 0
7.962 1 1 0
7.966 1 1 0
7.9696 1 1 0
7.97081 1 1 0
7.972 1 1 0
7.976 1 1 0
7.9796 1 1 0
7.98081 1 1 0
7.982 1 1 0
7.986 1 1 0
7.9896 1 1 0
7.99081 1 1 0
7.992 1 1 0
7.996 1 1 0
7.9996 1 1 0
8.00081 1 1 0
8.002 1 1 0
8.006 1 1 0
8.0096 1 1 0
8.01081 1 1 0
8.012 1 1 0
8.016 1 1 0
8.0196 1 1 0
8.02081 1 1 0
8.022 1 1 0
8.026 1 1 0
8.0296 1 1 0
8.03081 1 1 0
8.032 1 1 0
8.036 1 1 0
8.0396 1 1 0
8.04081 1 1 0
8.042 1 1 0
8.046 1 1 0
8.0496 1 1 0
8.05081 1 1 0
8.052 1 1 0
8.056 1 1 0
8.0596 1 1 0
8.06081 1 1 0
8.062 1 1 0
8.066 1 1 0
8.0696 1 1 0
8.07081 1 1 0
8.072 1 1 0
8.076 1 1 0
8.0796 1 1 0
8.08081 1 1 0
8.082 1 1 0
8.086 1 1 0
8.0896 1 1 0
8.09081 1 1 0
8.092 1 1 0
8.096 1 1 0
8.0996 1 1 0
8.10081 1 1 0
8.102 1 1 0
8.106 1 1 0
8.1096 1 1 0
8.11081 1 1 0
8.112 1 1 0
8.116 1 1 0
8.1196 1 1 0
8.12081 1 1 0
8.122 1 1 0
8.126 1 1 0
8.1296 1 1 0
8.13081 1 1 0
8.132 1 1 0
8.136 1 1 0
8.1396 1 1 0
8.14081 1 1 0
8.142 1 1 0
8.146 1 1 0
8.1496 1 1 0
8.15081 1 1 0
8.152 1 1 0
8.156 1 1 0
8.1596 1 1 0
8.16081 1 1 0
8.162 1 1 0
8.166 1 1 0
8.1696 1 1 0
8.17081 1 1 0
8.172 1 1 0
8.176 1 1 0
8.1796 1 1 0
8.18081 1 1 0
8.182 1 1 0
8.186 1 1 0
8.1896 1 1 0
8.19081 1 1 0
8.192 1 1 0
8.196 1 1 0
8.1996 1 1 0
8.20081 1 1 0
8.202 1 1 0
8.206 1 1 0
8.2096 1 1 0
8.21081 1 1 0
8.212 1 1 0
8.216 1 1 0
8.2196 1 1 0
8.22081 1 1 0
8.222 1 1 0
8.226 1 1 0
8.2296 1 1 0
8.23081 1 1 0
8.232 1 1 0
8.236 1 1 0
8.2396 1 1 0
8.24081 1 1 0
8.242 1 1 0
8.246 1 1 0
8.2496 1 1 0
8.25081 1 1 0
8.252 1 1 0
8.256 1 1 0
8.2596 1 1 0
8.26081 1 1 0
8.262 1 1 0
8.266 1 1 0
8.2696 1 1 0
8.27081 1 1 0
8.272 1 1 0
8.276 1 1 0
8.2796 1 1 0
8.28081 1 1 0
8.282 1 1 0
8.286 1 1 0
8.2896 1 1 0
8.29081 1 1 0
8.292 1 1 0
8.296 1 1 0
8.2996 1 1 0
8.30081 1 1 0
8.302 1 1 0
8.306 1 1 0
8.3096 1 1 0
8.31081 1 1 0
8.312 1 1 0
8.316 1 1 0
8.3196 1 1 0
8.32081 1 1 0
8.322 1 1 0
8.326 1 1 0
8.3296 1 1 0
8.33081 1 1 0
8.332 1 1 0
8.336 1 1 0
8.3396 1 1 0
8.34081 1 1 0
8.342 1 1 0
8.346 1 1 0
8.3496 1 1 0
8.35081 1 1 0
8.352 1 1 0
8.356 1 1 0
8.3596 1 1 0
8.36081 1 1 0
8.362 1 1 0
8.366 1 1 0
8.3696 1 1 0
8.37081 1 1 0
8.372 1 1 0
8.376 1 1 0
8.3796 1 1 0
8.38081 1 1 0
8.382 1 1 0
8.386 1 1 0
8.3896 1 1 0
8.39081 1 1 0
8.392 1 1 0
8.396 1 1 0
8.3996 1 1 0
8.40081 1 1 0
8.402 1 1 0
8.406 1 1 0
8.4096 1 1 0
8.41081 1 1 0
8.412 1 1 0
8.416 1 1 0
8.4196 1 1 0
8.42081 1 1 0
8.422 1 1 0
8.426 1 1 0
8.4296 1 1 0
8.43081 1 1 0
8.432 1 1 0
8.436 1 1 0
8.4396 1 1 0
8.44081 1 1 0
8.442 1 1 0
8.446 1 1 0
8.4496 1 1 0
8.45081 1 1 0
8.452 1 1 0
8.456 1 1 0
8.4596 1 1 0
8.46081 1 1 0
8.462 1 1 0
8.466 1 1 0
8.4696 1 1 0
8.47081 1 1 0
8.472 1 1 0
8.476 1 1 0
8.4796 1 1 0
8.48081 1 1 0
8.482 1 1 0
8.486 1 1 0
8.4896 1 1 0
8.49081 1 1 0
8.492 1 1 0
8.496 1 1 0
8.4996 1 1 0
8.50081 1 1 0
8.502 1 1 0
8.506 1 1 0
8.5096 1 1 0
8.51081 1 1 0
8.512 1 1 0
8.516 1 1 0
8.5196 1 1 0
8.52081 1 1 0
8.522 1 1 0
8.526 1 1 0
8.5296 1 1 0
8.53081 1 1 0
8.532 1 1 0
8.536 1 1 0
8.5396 1 1 0
8.54081 1 1 0
8.542 1 1 0
8.546 1 1 0
8.5496 1 1 0
8.55081 1 1 0
8.552 1 1 0
8.556 1 1 0
8.5596 1 1 0
8.56081 1 1 0
8.562 1 1 0
8.566 1 1 0
8.5696 1 1 0
8.57081 1 1 0
8.572 1 1 0
8.576 1 1 0
8.5796 1 1 0
8.58081 1 1 0
8.582 1 1 0
8.586 1 1 0
8.5896 1 1 0
8.59081 1 1 0
8.592 1 1 0
8.596 1 1 0
8.5996 1 1 0
8.60081 1 1 0
8.602 1 1 0
8.606 1 1 0
8.6096 1 1 0
8.61081 1 1 0
8.612 1 1 0
8.616 1 1 0
8.6196 1 1 0
8.62081 1 1 0
8.622 1 1 0
8.626 1 1 0
8.6296 1 1 0
8.63081 1 1 0
8.632 1 1 0
8.636 1 1 0
8.6396 1 1 0
8.64081 1 1 0
8.642 1 1 0
8.646 1 1 0
8.6496 1 1 0
8.65081 1 1 0
8.652 1 1 0
8.656 1 1 0
8.6596 1 1 0
8.66081 1 1 0
8.662 1 1 0
8.666 1 1 0
8.6696 1 1 0
8.67081 1 1 0
8.672 1 1 0
8.676 1 1 0
8.6796 1 1 0
8.68081 1 1 0
8.682 1 1 0
8.686 1 1 0
8.6896 1 1 0
8.69081 1 1 0
8.692 1 1 0
8.696 1 1 0
8.6996 1 1 0
8.70081 1 1 0
8.702 1 1 0
8.706 1 1 0
8.7096 1 1 0
8.71081 1 1 0
8.712 1 1 0
8.716 1 1 0
8.7196 1 1 0
8.72081 1 1 0
8.722 1 1 0
8.726 1 1 0
8.7296 1 1 0
8.73081 1 1 0
8.732 1 1 0
8.736 1 1 0
8.7396 1 1 0
8.74081 1 1 0
8.742 1 1 0
8.746 1 1 0
8.7496 1 1 0
8.75081 1 1 0
8.752 1 1 0
8.756 1 1 0
8.7596 1 1 0
8.76081 1 1 0
8.762 1 1 0
8.766 1 1 0
8.7696 1 1 0
8.77081 1 1 0
8.772 1 1 0
8.776 1 1 0
8.7796 1 1 0
8.78081 1 1 0
8.782 1 1 0
8.786 1 1 0
8.7896 1 1 0
8.79081 1 1 0
8.792 1 1 0
8.796 1 1 0
8.7996 1 1 0
8.80081 1 1 0
8.802 1 1 0
8.806 1 1 0
8.8096 1 1 0
8.81081 1 1 0
8.812 1 1 0
8.816 1 1 0
8.8196 1 1 0
8.82081 1 1 0
8.822 1 1 0
8.826 1 1 0
8.8296 1 1 0
8.83081 1 1 0
8.832 1 1 0
8.836 1 1 0
8.8396 1 1 0
8.84081 1 1 0
8.842 1 1 0
8.846 1 1 0
8.8496 1 1 0
8.85081 1 1 0
8.852 1 1 0
8.856 1 1 0
8.8596 1 1 0
8.86081 1 1 0
8.862 1 1 0
8.866 1 1 0
8.8696 1 1 0
8.87081 1 1 0
8.872 1 1 0
8.876 1 1 0
8.8796 1 1 0
8.88081 1 1 0
8.882 1 1 0
8.886 1 1 0
8.8896 1 1 0
8.89081 1 1 0
8.892 1 1 0
8.896 1 1 0
8.8996 1 1 0
8.90081 1 1 0
8.902 1 1 0
8.906 1 1 0
8.9096 1 1 0
8.91081 1 1 0
8.912 1 1 0
8.916 1 1 0
8.9196 1 1 0
8.92081 1 1 0
8.922 1 1 0
8.926 1 1 0
8.9296 1 1 0
8.93081 1 1 0
8.932 1 1 0
8.936 1 1 0
8.9396 1 1 0
8.94081 1 1 0
8.942 1 1 0
8.946 1 1 0
8.9496 1 1 0
8.95081 1 1 0
8.952 1 1 0
8.956 1 1 0
8.9596 1 1 0
8.96081 1 1 0
8.962 1 1 0
8.966 1 1 0
8.9696 1 1 0
8.97081 1 1 0
8.972 1 1 0
8.976 1 1 0
8.9796 1 1 0
8.98081 1 1 0
8.982 1 1 0
8.986 1 1 0
8.9896 1 1 0
8.99081 1 1 0
8.992 1 1 0
8.996 1 1 0
8.9996 1 1 0
9.00081 1 1 0
9.002 1 1 0
9.006 1 1 0
9.0096 1 1 0
9.01081 1 1 0
9.012 1 1 0
9.016 1 1 0
9.0196 1 1 0
9.02081 1 1 0
9.022 1 1 0
9.026 1 1 0
9.0296 1 1 0
9.03081 1 1 0
9.032 1 1 0
9.036 1 1 0
9.0396 1 1 0
9.04081 1 1 0
9.042 1 1 0
9.046 1 1 0
9.0496 1 1 0
9.05081 1 1 0
9.052 1 1 0
9.056 1 1 0
9.0596 1 1 0
9.06081 1 1 0
9.062 1 1 0
9.066 1 1 0
9.0696 1 1 0
9.07081 1 1 0
9.072 1 1 0
9.076 1 1 0
9.0796 1 1 0
9.08081 1 1 0
9.082 1 1 0
9.086 1 1 0
9.0896 1 1 0
9.09081 1 1 0
9.092 1 1 0
9.096 1 1 0
9.0996 1 1 0
9.10081 1 1 0
9.102 1 1 0
9.106 1 1 0
9.1096 1 1 0
9.11081 1 1 0
9.112 1 1 0
9.116 1 1 0
9.1196 1 1 0
9.12081 1 1 0
9.122 1 1 0
9.126 1 1 0
9.1296 1 1 0
9.13081 1 1 0
9.132 1 1 0
9.136 1 1 0
9.1396 1 1 0
9.14081 1 1 0
9.142 1 1 0
9.146 1 1 0
9.1496 1 1 0
9.15081 1 1 0
9.152 1 1 0
9.156 1 1 0
9.1596 1 1 0
9.16081 1 1 0
9.162 1 1 0
9.166 1 1 0
9.1696 1 1 0
9.17081 1 1 0
9.172 1 1 0
9.176 1 1 0
9.1796 1 1 0
9.18081 1 1 0
9.182 1 1 0
9.186 1 1 0
9.1896 1 1 0
9.19081 1 1 0
9.192 1 1 0
9.196 1 1 0
9.1996 1 1 0
9.20081 1 1 0
9.202 1 1 0
9.206 1 1 0
9.2096 1 1 0
9.21081 1 1 0
9.212 1 1 0
9.216 1 1 0
9.2196 1 1 0
9.22081 1 1 0
9.222 1 1 0
9.226 1 1 0
9.2296 1 1 0
9.23081 1 1 0
9.232 1 1 0
9.236 1 1 0
9.2396 1 1 0
9.24081 1 1 0
9.242 1 1 0
9.246 1 1 0
9.2496 1 1 0
9.25081 1 1 0
9.252 1 1 0
9.256 1 1 0
9.2596 1 1 0
9.26081 1 1 0
9.262 1 1 0
9.266 1 1 0
9.2696 1 1 0
9.27081 1 1 0
9.272 1 1 0
9.276 1 1 0
9.2796 1 1 0
9.28081 1 1 0
9.282 1 1 0
9.286 1 1 0
9.2896 1 1 0
9.29081 1 1 0
9.292 1 1 0
9.296 1 1 0
9.2996 1 1 0
9.30081 1 1 0
9.302 1 1 0
9.306 1 1 0
9.3096 1 1 0
9.31081 1 1 0
9.312 1 1 0
9.316 1 1 0
9.3196 1 1 0
9.32081 1 1 0
9.322 1 1 0
9.326 1 1 0
9.3296 1 1 0
9.33081 1 1 0
9.332 1 1 0
9.336 1 1 0
9.3396 1 1 0
9.34081 1 1 0
9.342 1 1 0
9.346 1 1 0
9.3496 1 1 0
9.35081 1 1 0
9.352 1 1 0
9.356 1 1 0
9.3596 1 1 0
9.36081 1 1 0
9.362 1 1 0
9.366 1 1 0
9.3696 1 1 0
9.37081 1 1 0
9.372 1 1 0
9.376 1 1 0
9.3796 1 1 0
9.38081 1 1 0
9.382 1 1 0
9.386 1 1 0
9.3896 1 1 0
9.39081 1 1 0
9.392 1 1 0
9.396 1 1 0
9.3996 1 1 0
9.40081 1 1 0
9.402 1 1 0
9.406 1 1 0
9.4096 1 1 0
9.41081 1 1 0
9.412 1 1 0
9.416 1 1 0
9.4196 1 1 0
9.42081 1 1 0
9.422 1 1 0
9.426 1 1 0
9.4296 1 1 0
9.43081 1 1 0
9.432 1 1 0
9.436 1 1 0
9.4396 1 1 0
9.44081 1 1 0
9.442 1 1 0
9.446 1 1 0
9.4496 1 1 0
9.45081 1 1 0
9.452 1 1 0
9.456 1 1 0
9.4596 1 1 0
9.46081 1 1 0
9.462 1 1 0
9.466 1 1 0
9.4696 1 1 0
9.47081 1 1 0
9.472 1 1 0
9.476 1 1 0
9.4796 1 1 0
9.48081 1 1 0
9.482 1 1 0
9.486 1 1 0
9.4896 1 1 0
9.49081 1 1 0
9.492 1 1 0
9.496 1 1 0
9.4996 1 1 0
9.50081 1 1 0
9.502 1 1 0
9.506 1 1 0
9.5096 1 1 0
9.51081 1 1 0
9.512 1 1 0
9.516 1 1 0
9.5196 1 1 0
9.52081 1 1 0
9.522 1 1 0
9.526 1 1 0
9.5296 1 1 0
9.53081 1 1 0
9.532 1 1 0
9.536 1 1 0
9.5396 1 1 0
9.54081 1 1 0
9.542 1 1 0
9.546 1 1 0
9.5496 1 1 0
9.55081 1 1 0
9.552 1 1 0
9.556 1 1 0
9.5596 1 1 0
9.56081 1 1 0
9.562 1 1 0
9.566 1 1 0
9.5696 1 1 0
9.57081 1 1 0
9.572 1 1 0
9.576 1 1 0
9.5796 1 1 0
9.58081 1 1 0
9.582 1 1 0
9.586 1 1 0
9.5896 1 1 0
9.59081 1 1 0
9.592 1 1 0
9.596 1 1 0
9.5996 1 1 0
9.60081 1 1 0
9.602 1 1 0
9.606 1 1 0
9.6096 1 1 0
9.61081 1 1 0
9.612 1 1 0
9.616 1 1 0
9.6196 1 1 0
9.62081 1 1 0
9.622 1 1 0
9.626 1 1 0
9.6296 1 1 0
9.63081 1 1 0
9.632 1 1 0
9.636 1 1 0
9.6396 1 1 0
9.64081 1 1 0
9.642 1 1 0
9.646 1 1 0
9.6496 1 1 0
9.65081 1 1 0
9.652 1 1 0
9.656 1 1 0
9.6596 1 1 0
9.66081 1 1 0
9.662 1 1 0
9.666 1 1 0
9.6696 1 1 0
9.67081 1 1 0
9.672 1 1 0
9.676 1 1 0
9.6796 1 1 0
9.68081 1 1 0
9.682 1 1 0
9.686 1 1 0
9.6896 1 1 0
9.69081 1 1 0
9.692 1 1 0
9.696 1 1 0
9.6996 1 1 0
9.70081 1 1 0
9.702 1 1 0
9.706 1 1 0
9.7096 1 1 0
9.71081 1 1 0
9.712 1 1 0
9.716 1 1 0
9.7196 1 1 0
9.72081 1 1 0
9.722 1 1 0
9.726 1 1 0
9.7296 1 1 0
9.73081 1 1 0
9.732 1 1 0
9.736 1 1 0
9.7396 1 1 0
9.74081 1 1 0
9.742 1 1 0
9.746 1 1 0
9.7496 1 1 0
9.75081 1 1 0
9.752 1 1 0
9.756 1 1 0
9.7596 1 1 0
9.76081 1 1 0
9.762 1 1 0
9.766 1 1 0
9.7696 1 1 0
9.77081 1 1 0
9.772 1 1 0
0.006 1 1 0
0.012 1 1 4
0.016 1 1 0
0.022 1 1 0
0.026 1 1 0
0.0296 1 1 0
0.0308083 1 1 0
0.032 1 1 10
0.036 1 1 0
0.0396 1 1 0
0.0408083 1 1 0
0.042 1 1 0
0.046 1 1 0
0.0496 1 1 0
0.0508083 1 1 0
0.052 1 1 3
0.056 1 1 0
0.0596 1 1 0
0.0608083 1 1 0
0.062 1 1 0
0.066 1 1 0
0.0696 1 1 0
0.0708083 1 1 0
0.072 1 1 0
0.076 1 1 0
0.0796 1 1 0
0.0808083 1 1 0
0.082 1 1 0
0.086 1 1 0
0.0896 1 1 0
0.0908083 1 1 0
0.092 1 1 0
0.096 1 1 0
0.0996 1 1 0
0.100808 1 1 0
0.102 1 1 0
0.106 1 1 0
0.1096 1 1 0
0.110808 1 1 0
0.112 1 1 0
0.116 1 1 0
0.1196 1 1 0
0.120808 1 1 0
0.122 1 1 0
0.126 1 1 0
0.1296 1 1 0
0.130808 1 1 0
0.132 1 1 0
0.136 1 1 0
0.1396 1 1 0
0.140808 1 1 0
0.142 1 1 0
0.146 1 1 0
0.1496 1 1 0
0.150808 1 1 0
0.152 1 1 0
0.156 1 1 0
0.1596 1 1 0
0.160808 1 1 0
0.162 1 1 0
0.166 1 1 0
0.1696 1 1 0
0.170808 1 1 0
0.172 1 1 0
0.176 1 1 0
0.1796 1 1 0
0.180808 1 1 0
0.182 1 1 0
0.186 1 1 0
0.1896 1 1 0
0.190808 1 1 0
0.192 1 1 0
0.196 1 1 0
0.1996 1 1 0
0.200808 1 1 0
0.202 1 1 0
0.206 1 1 0
0.2096 1 1 0
0.210808 1 1 0
0.212 1 1 0
0.216 1 1 0
0.2196 1 1 0
0.220808 1 1 0
0.222 1 1 0
0.226 1 1 0
0.2296 1 1 0
0.230808 1 1 0
0.232 1 1 0
0.236 1 1 0
0.2396 1 1 0
0.240808 1 1 0
0.242 1 1 0
0.246 1 1 0
0.2496 1 1 0
0.250808 1 1 0
0.252 1 1 0
0.256 1 1 0
0.2596 1 1 0
0.260808 1 1 0
0.262 1 1 0
0.266 1 1 0
0.2696 1 1 0
0.270808 1 1 0
0.272 1 1 0
0.276 1 1 0
0.2796 1 1 0
0.280808 1 1 0
0.282 1 1 0
0.286 1 1 0
0.2896 1 1 0
0.290808 1 1 0
0.292 1 1 0
0.296 1 1 0
0.2996 1 1 0
0.300808 1 1 0
0.302 1 1 0
0.306 1 1 0
0.3096 1 1 0
0.310808 1 1 0
0.312 1 1 0
0.316 1 1 0
0.3196 1 1 0
0.320808 1 1 0
0.322 1 1 0
0.326 1 1 0
0.3296 1 1 0
0.330808 1 1 0
0.332 1 1 0
0.336 1 1 0
0.3396 1 1 0
0.340808 1 1 0
0.342 1 1 0
0.346 1 1 0
0.3496 1 1 0
0.350808 1 1 0
0.352 1 1 0
0.356 1 1 0
0.3596 1 1 0
0.360808 1 1 0
0.362 1 1 0
0.366 1 1 0
0.3696 1 1 0
0.370808 1 1 0
0.372 1 1 0
0.376 1 1 0
0.3796 1 1 0
0.380808 1 1 0
0.382 1 1 0
0.386 1 1 0
0.3896 1 1 0
0.390808 1 1 0
0.392 1 1 0
0.396 1 1 0
0.3996 1 1 0
0.400808 1 1 0
0.402 1 1 0
0.406 1 1 0
0.4096 1 1 0
0.410808 1 1 0
0.412 1 1 0
0.416 1 1 0
0.4196 1 1 0
0.420808 1 1 0
0.422 1 1 0
0.426 1 1 0
0.4296 1 1 0
0.430808 1 1 0
0.432 1 1 0
0.436 1 1 0
0.4396 1 1 0
0.440808 1 1 0
0.442 1 1 0
0.446 1 1 0
0.4496 1 1 0
0.450808 1 1 0
0.452 1 1 0
0.456 1 1 0
0.4596 1 1 0
0.460808 1 1 0
0.462 1 1 0
0.466 1 1 0
0.4696 1 1 0
0.470808 1 1 0
0.472 1 1 0
0.476 1 1 0
0.4796 1 1 0
0.480808 1 1 0
0.482 1 1 0
0.486 1 1 0
0.4896 1 1 0
0.490808 1 1 0
0.492 1 1 0
0.496 1 1 0
0.4996 1 1 0
0.500808 1 1 0
0.502 1 1 0
0.506 1 1 0
0.5096 1 1 0
0.510808 1 1 0
0.512 1 1 0
0.516 1 1 0
0.5196 1 1 0
0.520808 1 1 0
0.522 1 1 0
0.526 1 1 0
0.5296 1 1 0
0.530808 1 1 0
0.532 1 1 0
0.536 1 1 0
0.5396 1 1 0
0.540808 1 1 0
0.542 1 1 0
0.546 1 1 0
0.5496 1 1 0
0.550808 1 1 0
0.552 1 1 0
0.556 1 1 0
0.5596 1 1 0
0.560808 1 1 0
0.562 1 1 0
0.566 1 1 0
0.5696 1 1 0
0.570808 1 1 0
0.572 1 1 0
0.576 1 1 0
0.5796 1 1 0
0.580808 1 1 0
0.582 1 1 0
0.586 1 1 0
0.5896 1 1 0
0.590808 1 1 0
0.592 1 1 0
0.596 1 1 0
0.5996 1 1 0
0.600808 1 1 0
0.602 1 1 0
0.606 1 1 0
0.6096 1 1 0
0.610808 1 1 0
0.612 1 1 0
0.616 1 1 0
0.6196 1 1 0
0.620808 1 1 0
0.622 1 1 0
0.626 1 1 0
0.6296 1 1 0
0.630808 1 1 0
0.632 1 1 0
0.636 1 1 0
0.6396 1 1 0
0.640808 1 1 0
0.642 1 1 0
0.646 1 1 0
0.6496 1 1 0
0.650808 1 1 0
0.652 1 1 0
0.656 1 1 0
0.6596 1 1 0
0.660808 1 1 0
0.662 1 1 0
0.666 1 1 0
0.6696 1 1 0
0.670808 1 1 0
0.672 1 1 0
0.676 1 1 0
0.6796 1 1 0
0.680808 1 1 0
0.682 1 1 0
0.686 1 1 0
0.6896 1 1 0
0.690808 1 1 0
0.692 1 1 0
0.696 1 1 0
0.6996 1 1 0
0.700808 1 1 0
0.702 1 1 0
0.706 1 1 0
0.7096 1 1 0
0.710808 1 1 0
0.712 1 1 0
0.716 1 1 0
0.7196 1 1 0
0.720808 1 1 0
0.722 1 1 0
0.726 1 1 0
0.7296 1 1 0
0.730808 1 1 0
0.732 1 1 0
0.736 1 1 0
0.7396 1 1 0
0.740808 1 1 0
0.742 1 1 0
0.746 1 1 0
0.7496 1 1 0
0.750808 1 1 0
0.752 1 1 0
0.756 1 1 0
0.7596 1 1 0
0.760808 1 1 0
0.762 1 1 0
0.766 1 1 0
0.7696 1 1 0
0.770808 1 1 0
0.772 1 1 0
0.776 1 1 0
0.7796 1 1 0
0.780808 1 1 0
0.782 1 1 0
0.786 1 1 0
0.7896 1 1 0
0.790808 1 1 0
0.792 1 1 0
0.796 1 1 0
0.7996 1 1 0
0.800808 1 1 0
0.802 1 1 0
0.806 1 1 0
0.8096 1 1 0
0.810808 1 1 0
0.812 1 1 0
0.816 1 1 0
0.8196 1 1 0
0.820808 1 1 0
0.822 1 1 0
0.826 1 1 0
0.8296 1 1 0
0.830808 1 1 0
0.832 1 1 0
0.836 1 1 0
0.8396 1 1 0
0.840808 1 1 0
0.842 1 1 0
0.846 1 1 0
0.8496 1 1 0
0.850808 1 1 0
0.852 1 1 0
0.856 1 1 0
0.8596 1 1 0
0.860808 1 1 0
0.862 1 1 0
0.866 1 1 0
0.8696 1 1 0
0.870808 1 1 0
0.872 1 1 0
0.876 1 1 0
0.8796 1 1 0
0.880808 1 1 0
0.882 1 1 0
0.886 1 1 0
0.8896 1 1 0
0.890808 1 1 0
0.892 1 1 0
0.896 1 1 0
0.8996 1 1 0
0.900808 1 1 0
0.902 1 1 0
0.906 1 1 0
0.9096 1 1 0
0.910808 1 1 0
0.912 1 1 0
0.916 1 1 0
0.9196 1 1 0
0.920808 1 1 0
0.922 1 1 0
0.926 1 1 0
0.9296 1 1 0
0.006 1 1 0
0.012 1 1 4
0.016 1 1 0
0.022 1 1 0
0.026 1 1 0
0.0296 1 1 0
0.0308083 1 1 0
0.032 1 1 10
0.036 1 1 0
0.0396 1 1 0
0.0408083 1 1 0
0.042 1 1 0
0.046 1 1 0
0.0496 1 1 0
0.0508083 1 1 0
0.052 1 1 3
0.056 1 1 0
0.0596 1 1 0
0.0608083 1 1 0
0.062 1 1 0
0.066 1 1 0
0.0696 1 1 0
0.0708083 1 1 0
0.072 1 1 0
0.076 1 1 0
0.0796 1 1 0
0.0808083 1 1 0
0.082 1 1 0
0.086 1 1 0
0.0896 1 1 0
0.0908083 1 1 0
0.092 1 1 0
0.096 1 1 0
0.0996 1 1 0
0.100808 1 1 0
0.102 1 1 0
0.106 1 1 0
0.1096 1 1 0
0.110808 1 1 0
0.112 1 1 0
0.116 1 1 0
0.1196 1 1 0
0.120808 1 1 0
0.122 1 1 0
0.126 1 1 0
0.1296 1 1 0
0.130808 1 1 0
0.132 1 1 0
0.136 1 1 0
0.1396 1 1 0
0.140808 1 1 0
0.142 1 1 0
0.146 1 1 0
0.1496 1 1 0
0.150808 1 1 0
0.152 1 1 0
0.156 1 1 0
0.1596 1 1 0
0.160808 1 1 0
0.162 1 1 0
0.166 1 1 0
0.1696 1 1 0
0.170808 1 1 0
0.172 1 1 0
0.176 1 1 0
0.1796 1 1 0
0.180808 1 1 0
0.182 1 1 0
0.186 1 1 0
0.1896 1 1 0
0.190808 1 1 0
0.192 1 1 0
0.196 1 1 0
0.1996 1 1 0
0.200808 1 1 0
0.202 1 1 0
0.206 1 1 0
0.2096 1 1 0
0.210808 1 1 0
0.212 1 1 0
0.216 1 1 0
0.2196 1 1 0
0.220808 1 1 0
0.222 1 1 0
0.226 1 1 0
0.2296 1 1 0
0.230808 1 1 0
0.232 1 1 0
0.236 1 1 0
0.2396 1 1 0
0.240808 1 1 0
0.242 1 1 0
0.246 1 1 0
0.2496 1 1 0
0.250808 1 1 0
0.252 1 1 0
0.256 1 1 0
0.2596 1 1 0
0.260808 1 1 0
0.262 1 1 0
0.266 1 1 0
0.2696 1 1 0
0.270808 1 1 0
0.272 1 1 0
0.276 1 1 0
0.2796 1 1 0
0.280808 1 1 0
0.282 1 1 0
0.286 1 1 0
0.2896 1 1 0
0.290808 1 1 0
0.292 1 1 0
0.296 1 1 0
0.2996 1 1 0
0.300808 1 1 0
0.302 1 1 0
0.306 1 1 0
0.3096 1 1 0
0.310808 1 1 0
0.312 1 1 0
0.316 1 1 0
0.3196 1 1 0
0.320808 1 1 0
0.322 1 1 0
0.326 1 1 0
0.3296 1 1 0
0.330808 1 1 0
0.332 1 1 0
0.336 1 1 0
0.3396 1 1 0
0.340808 1 1 0
0.342 1 1 0
0.346 1 1 0
0.3496 1 1 0
0.350808 1 1 0
0.352 1 1 0
0.356 1 1 0
0.3596 1 1 0
0.360808 1 1 0
0.362 1 1 0
0.366 1 1 0
0.3696 1 1 0
0.370808 1 1 0
0.372 1 1 0
0.376 1 1 0
0.3796 1 1 0
0.380808 1 1 0
0.382 1 1 0
0.386 1 1 0
0.3896 1 1 0
0.390808 1 1 0
0.392 1 1 0
0.396 1 1 0
0.3996 1 1 0
0.400808 1 1 0
0.402 1 1 0
0.406 1 1 0
0.4096 1 1 0
0.410808 1 1 0
0.412 1 1 0
0.416 1 1 0
0.4196 1 1 0
0.420808 1 1 0
0.422 1 1 0
0.426 1 1 0
0.4296 1 1 0
0.430808 1 1 0
0.432 1 1 0
0.436 1 1 0
0.4396 1 1 0
0.440808 1 1 0
0.442 1 1 0
0.446 1 1 0
0.4496 1 1 0
0.450808 1 1 0
0.452 1 1 0
0.456 1 1 0
0.4596 1 1 0
0.460808 1 1 0
0.462 1 1 0
0.466 1 1 0
0.4696 1 1 0
0.470808 1 1 0
0.472 1 1 0
0.476 1 1 0
0.4796 1 1 0
0.480808 1 1 0
0.482 1 1 0
0.486 1 1 0
0.4896 1 1 0
0.490808 1 1 0
0.492 1 1 0
0.496 1 1 0
0.4996 1 1 0
0.500808 1 1 0
0.502 1 1 0
0.506 1 1 0
0.5096 1 1 0
0.510808 1 1 0
0.512 1 1 0
0.516 1 1 0
0.5196 1 1 0
0.520808 1 1 0
0.522 1 1 0
0.526 1 1 0
0.5296 1 1 0
0.530808 1 1 0
0.532 1 1 0
0.536 1 1 0
0.5396 1 1 0
0.540808 1 1 0
0.542 1 1 0
0.546 1 1 0
0.5496 1 1 0
0.550808 1 1 0
0.552 1 1 0
0.556 1 1 0
0.5596 1 1 0
0.560808 1 1 0
0.562 1 1 0
0.566 1 1 0
0.5696 1 1 0
0.570808 1 1 0
0.572 1 1 0
0.576 1 1 0
0.5796 1 1 0
0.580808 1 1 0
0.582 1 1 0
0.586 1 1 0
0.5896 1 1 0
0.590808 1 1 0
0.592 1 1 0
0.596 1 1 0
0.5996 1 1 0
0.600808 1 1 0
0.602 1 1 0
0.606 1 1 0
0.6096 1 1 0
0.610808 1 1 0
0.612 1 1 0
0.616 1 1 0
0.6196 1 1 0
0.620808 1 1 0
0.622 1 1 0
0.626 1 1 0
0.6296 1 1 0
0.630808 1 1 0
0.632 1 1 0
0.636 1 1 0
0.6396 1 1 0
0.640808 1 1 0
0.642 1 1 0
0.646 1 1 0
0.6496 1 1 0
0.650808 1 1 0
0.652 1 1 0
0.656 1 1 0
0.6596 1 1 0
0.660808 1 1 0
0.662 1 1 0
0.666 1 1 0
0.6696 1 1 0
0.670808 1 1 0
0.672 1 1 0
0.676 1 1 0
0.6796 1 1 0
0.680808 1 1 0
0.682 1 1 0
0.686 1 1 0
0.6896 1 1 0
0.690808 1 1 0
0.692 1 1 0
0.696 1 1 0
0.6996 1 1 0
0.700808 1 1 0
0.702 1 1 0
0.706 1 1 0
0.7096 1 1 0
0.710808 1 1 0
0.712 1 1 0
0.716 1 1 0
0.7196 1 1 0
0.720808 1 1 0
0.722 1 1 0
0.726 1 1 0
0.7296 1 1 0
0.730808 1 1 0
0.732 1 1 0
0.736 1 1 0
0.7396 1 1 0
0.740808 1 1 0
0.742 1 1 0
0.746 1 1 0
0.7496 1 1 0
0.750808 1 1 0
0.752 1 1 0
0.756 1 1 0
0.7596 1 1 0
0.760808 1 1 0
0.762 1 1 0
0.766 1 1 0
0.7696 1 1 0
0.770808 1 1 0
0.772 1 1 0
0.776 1 1 0
0.7796 1 1 0
0.780808 1 1 0
0.782 1 1 0
0.786 1 1 0
0.7896 1 1 0
0.790808 1 1 0
0.792 1 1 0
0.796 1 1 0
0.7996 1 1 0
0.800808 1 1 0
0.802 1 1 0
0.806 1 1 0
0.8096 1 1 0
0.810808 1 1 0
0.812 1 1 0
0.816 1 1 0
0.8196 1 1 0
0.820808 1 1 0
0.822 1 1 0
0.826 1 1 0
0.8296 1 1 0
0.830808 1 1 0
0.832 1 1 0
0.836 1 1 0
0.8396 1 1 0
0.840808 1 1 0
0.842 1 1 0
0.846 1 1 0
0.8496 1 1 0
0.850808 1 1 0
0.852 1 1 0
0.856 1 1 0
0.8596 1 1 0
0.860808 1 1 0
0.862 1 1 0
0.866 1 1 0
0.8696 1 1 0
0.870808 1 1 0
0.872 1 1 0
0.876 1 1 0
0.8796 1 1 0
0.880808 1 1 0
0.882 1 1 0
0.886 1 1 0
0.8896 1 1 0
0.890808 1 1 0
0.892 1 1 0
0.896 1 1 0
0.8996 1 1 0
0.900808 1 1 0
0.902 1 1 0
0.906 1 1 0
0.9096 1 1 0
0.910808 1 1 0
0.912 1 1 0
0.916 1 1 0
0.9196 1 1 0
0.920808 1 1 0
0.922 1 1 0
0.926 1 1 0
0.9296 1 1 0
0.930808 1 1 0
0.932 1 1 0
0.936 1 1 0
0.9396 1 1 0
0.940808 1 1 0
0.942 1 1 0
0.946 1 1 0
0.9496 1 1 0
0.950808 1 1 0
0.952 1 1 0
0.956 1 1 0
0.9596 1 1 0
0.960808 1 1 0
0.962 1 1 0
0.966 1 1 0
0.9696 1 1 0
0.970808 1 1 0
0.972 1 1 0
0.976 1 1 0
0.9796 1 1 0
0.980808 1 1 0
0.982 1 1 0
0.986 1 1 0
0.9896 1 1 0
0.990808 1 1 0
0.992 1 1 0
0.996 1 1 0
0.9996 1 1 0
1.00081 1 1 0
1.002 1 1 0
1.006 1 1 0
1.0096 1 1 0
1.01081 1 1 0
1.012 1 1 0
1.016 1 1 0
1.0196 1 1 0
1.02081 1 1 0
1.022 1 1 0
1.026 1 1 0
1.0296 1 1 0
1.03081 1 1 0
1.032 1 1 0
1.036 1 1 0
1.0396 1 1 0
1.04081 1 1 0
1.042 1 1 0
1.046 1 1 0
1.0496 1 1 0
1.05081 1 1 0
1.052 1 1 0
1.056 1 1 0
1.0596 1 1 0
1.06081 1 1 0
1.062 1 1 0
1.066 1 1 0
1.0696 1 1 0
1.07081 1 1 0
1.072 1 1 0
1.076 1 1 0
1.0796 1 1 0
1.08081 1 1 0
1.082 1 1 0
1.086 1 1 0
1.0896 1 1 0
1.09081 1 1 0
1.092 1 1 0
1.096 1 1 0
1.0996 1 1 0
1.10081 1 1 0
1.102 1 1 0
1.106 1 1 0
1.1096 1 1 0
1.11081 1 1 0
1.112 1 1 0
1.116 1 1 0
1.1196 1 1 0
1.12081 1 1 0
1.122 1 1 0
1.126 1 1 0
1.1296 1 1 0
1.13081 1 1 0
1.132 1 1 0
1.136 1 1 0
1.1396 1 1 0
1.14081 1 1 0
1.142 1 1 0
1.146 1 1 0
1.1496 1 1 0
1.15081 1 1 0
1.152 1 1 0
1.156 1 1 0
1.1596 1 1 0
1.16081 1 1 0
1.162 1 1 0
1.166 1 1 0
1.1696 1 1 0
1.17081 1 1 0
1.172 1 1 0
1.176 1 1 0
1.1796 1 1 0
1.18081 1 1 0
1.182 1 1 0
1.186 1 1 0
1.1896 1 1 0
1.19081 1 1 0
1.192 1 1 0
1.196 1 1 0
1.1996 1 1 0
1.20081 1 1 0
1.202 1 1 0
1.206 1 1 0
1.2096 1 1 0
1.21081 1 1 0
1.212 1 1 0
1.216 1 1 0
1.2196 1 1 0
1.22081 1 1 0
1.222 1 1 0
1.226 1 1 0
1.2296 1 1 0
1.23081 1 1 0
1.232 1 1 0
1.236 1 1 0
1.2396 1 1 0
1.24081 1 1 0
1.242 1 1 0
1.246 1 1 0
1.2496 1 1 0
1.25081 1 1 0
1.252 1 1 0
1.256 1 1 0
1.2596 1 1 0
1.26081 1 1 0
1.262 1 1 0
1.266 1 1 0
1.2696 1 1 0
1.27081 1 1 0
1.272 1 1 0
1.276 1 1 0
1.2796 1 1 0
1.28081 1 1 0
1.282 1 1 0
1.286 1 1 0
1.2896 1 1 0
1.29081 1 1 0
1.292 1 1 0
1.296 1 1 0
1.2996 1 1 0
1.30081 1 1 0
1.302 1 1 0
1.306 1 1 0
1.3096 1 1 0
1.31081 1 1 0
1.312 1 1 0
1.316 1 1 0
1.3196 1 1 0
1.32081 1 1 0
1.322 1 1 0
1.326 1 1 0
1.3296 1 1 0
1.33081 1 1 0
1.332 1 1 0
1.336 1 1 0
1.3396 1 1 0
1.34081 1 1 0
1.342 1 1 0
1.346 1 1 0
1.3496 1 1 0
1.35081 1 1 0
1.352 1 1 0
1.356 1 1 0
1.3596 1 1 0
1.36081 1 1 0
1.362 1 1 0
1.366 1 1 0
1.3696 1 1 0
1.37081 1 1 0
1.372 1 1 0
1.376 1 1 0
1.3796 1 1 0
1.38081 1 1 0
1.382 1 1 0
1.386 1 1 0
1.3896 1 1 0
1.39081 1 1 0
1.392 1 1 0
1.396 1 1 0
1.3996 1 1 0
1.40081 1 1 0
1.402 1 1 0
1.406 1 1 0
1.4096 1 1 0
1.41081 1 1 0
1.412 1 1 0
1.416 1 1 0
1.4196 1 1 0
1.42081 1 1 0
1.422 1 1 0
1.426 1 1 0
1.4296 1 1 0
1.43081 1 1 0
1.432 1 1 0
1.436 1 1 0
1.4396 1 1 0
1.44081 1 1 0
1.442 1 1 0
1.446 1 1 0
1.4496 1 1 0
1.45081 1 1 0
1.452 1 1 0
1.456 1 1 0
1.4596 1 1 0
1.46081 1 1 0
1.462 1 1 0
1.466 1 1 0
1.4696 1 1 0
1.47081 1 1 0
1.472 1 1 0
1.476 1 1 0
1.4796 1 1 0
1.48081 1 1 0
1.482 1 1 0
1.486 1 1 0
1.4896 1 1 0
1.49081 1 1 0
1.492 1 1 0
1.496 1 1 0
1.4996 1 1 0
1.50081 1 1 0
1.502 1 1 0
1.506 1 1 0
1.5096 1 1 0
1.51081 1 1 0
1.512 1 1 0
1.516 1 1 0
1.5196 1 1 0
1.52081 1 1 0
1.522 1 1 0
1.526 1 1 0
1.5296 1 1 0
1.53081 1 1 0
1.532 1 1 0
1.536 1 1 0
1.5396 1 1 0
1.54081 1 1 0
1.542 1 1 0
1.546 1 1 0
1.5496 1 1 0
1.55081 1 1 0
1.552 1 1 0
1.556 1 1 0
1.5596 1 1 0
1.56081 1 1 0
1.562 1 1 0
1.566 1 1 0
1.5696 1 1 0
1.57081 1 1 0
1.572 1 1 0
1.576 1 1 0
1.5796 1 1 0
1.58081 1 1 0
1.582 1 1 0
1.586 1 1 0
1.5896 1 1 0
1.59081 1 1 0
1.592 1 1 0
1.596 1 1 0
1.5996 1 1 0
1.60081 1 1 0
1.602 1 1 0
1.606 1 1 0
1.6096 1 1 0
1.61081 1 1 0
1.612 1 1 0
1.616 1 1 0
1.6196 1 1 0
1.62081 1 1 0
1.622 1 1 0
1.626 1 1 0
1.6296 1 1 0
1.63081 1 1 0
1.632 1 1 0
1.636 1 1 0
1.6396 1 1 0
1.64081 1 1 0
1.642 1 1 0
1.646 1 1 0
1.6496 1 1 0
1.65081 1 1 0
1.652 1 1 0
1.656 1 1 0
1.6596 1 1 0
1.66081 1 1 0
1.662 1 1 0
1.666 1 1 0
1.6696 1 1 0
1.67081 1 1 0
1.672 1 1 0
1.676 1 1 0
1.6796 1 1 0
1.68081 1 1 0
1.682 1 1 0
1.686 1 1 0
1.6896 1 1 0
1.69081 1 1 0
1.692 1 1 0
1.696 1 1 0
1.6996 1 1 0
1.70081 1 1 0
1.702 1 1 0
1.706 1 1 0
1.7096 1 1 0
1.71081 1 1 0
1.712 1 1 0
1.716 1 1 0
1.7196 1 1 0
1.72081 1 1 0
1.722 1 1 0
1.726 1 1 0
1.7296 1 1 0
1.73081 1 1 0
1.732 1 1 0
1.736 1 1 0
1.7396 1 1 0
1.74081 1 1 0
1.742 1 1 0
1.746 1 1 0
1.7496 1 1 0
1.75081 1 1 0
1.752 1 1 0
1.756 1 1 0
1.7596 1 1 0
1.76081 1 1 0
1.762 1 1 0
1.766 1 1 0
1.7696 1 1 0
1.77081 1 1 0
1.772 1 1 0
1.776 1 1 0
1.7796 1 1 0
1.78081 1 1 0
1.782 1 1 0
1.786 1 1 0
1.7896 1 1 0
1.79081 1 1 0
1.792 1 1 0
1.796 1 1 0
1.7996 1 1 0
1.80081 1 1 0
1.802 1 1 0
1.806 1 1 0
1.8096 1 1 0
1.81081 1 1 0
1.812 1 1 0
1.816 1 1 0
1.8196 1 1 0
1.82081 1 1 0
1.822 1 1 0
1.826 1 1 0
1.8296 1 1 0
1.83081 1 1 0
1.832 1 1 0
1.836 1 1 0
1.8396 1 1 0
1.84081 1 1 0
1.842 1 1 0
1.846 1 1 0
1.8496 1 1 0
1.85081 1 1 0
1.852 1 1 0
1.856 1 1 0
1.8596 1 1 0
1.86081 1 1 0
1.862 1 1 0
1.866 1 1 0
1.8696 1 1 0
1.87081 1 1 0
1.872 1 1 0
1.876 1 1 0
1.8796 1 1 0
1.88081 1 1 0
1.882 1 1 0
1.886 1 1 0
1.8896 1 1 0
1.89081 1 1 0
1.892 1 1 0
1.896 1 1 0
1.8996 1 1 0
1.90081 1 1 0
1.902 1 1 0
1.906 1 1 0
1.9096 1 1 0
1.91081 1 1 0
1.912 1 1 0
1.916 1 1 0
1.9196 1 1 0
1.92081 1 1 0
1.922 1 1 0
1.926 1 1 0
1.9296 1 1 0
1.93081 1 1 0
1.932 1 1 0
1.936 1 1 0
1.9396 1 1 0
1.94081 1 1 0
1.942 1 1 0
1.946 1 1 0
1.9496 1 1 0
1.95081 1 1 0
1.952 1 1 0
1.956 1 1 0
1.9596 1 1 0
1.96081 1 1 0
1.962 1 1 0
1.966 1 1 0
1.9696 1 1 0
1.97081 1 1 0
1.972 1 1 0
1.976 1 1 0
1.9796 1 1 0
1.98081 1 1 0
1.982 1 1 0
1.986 1 1 0
1.9896 1 1 0
1.99081 1 1 0
1.992 1 1 0
1.996 1 1 0
1.9996 1 1 0
2.00081 1 1 0
2.002 1 1 0
2.006 1 1 0
2.0096 1 1 0
2.01081 1 1 0
2.012 1 1 0
2.016 1 1 0
2.0196 1 1 0
2.02081 1 1 0
2.022 1 1 0
2.026 1 1 0
2.0296 1 1 0
2.03081 1 1 0
2.032 1 1 0
2.036 1 1 0
2.0396 1 1 0
2.04081 1 1 0
2.042 1 1 0
2.046 1 1 0
2.0496 1 1 0
2.05081 1 1 0
2.052 1 1 0
2.056 1 1 0
2.0596 1 1 0
2.06081 1 1 0
2.062 1 1 0
2.066 1 1 0
2.0696 1 1 0
2.07081 1 1 0
2.072 1 1 0
2.076 1 1 0
2.0796 1 1 0
2.08081 1 1 0
2.082 1 1 0
2.086 1 1 0
2.0896 1 1 0
2.09081 1 1 0
2.092 1 1 0
2.096 1 1 0
2.0996 1 1 0
2.10081 1 1 0
2.102 1 1 0
2.106 1 1 0
2.1096 1 1 0
2.11081 1 1 0
2.112 1 1 0
2.116 1 1 0
2.1196 1 1 0
2.12081 1 1 0
2.122 1 1 0
2.126 1 1 0
2.1296 1 1 0
2.13081 1 1 0
2.132 1 1 0
2.136 1 1 0
2.1396 1 1 0
2.14081 1 1 0
2.142 1 1 0
2.146 1 1 0
2.1496 1 1 0
2.15081 1 1 0
2.152 1 1 0
2.156 1 1 0
2.1596 1 1 0
2.16081 1 1 0
2.162 1 1 0
2.166 1 1 0
2.1696 1 1 0
2.17081 1 1 0
2.172 1 1 0
2.176 1 1 0
2.1796 1 1 0
2.18081 1 1 0
2.182 1 1 0
2.186 1 1 0
2.1896 1 1 0
2.19081 1 1 0
2.192 1 1 0
2.196 1 1 0
2.1996 1 1 0
2.20081 1 1 0
2.202 1 1 0
2.206 1 1 0
2.2096 1 1 0
2.21081 1 1 0
2.212 1 1 0
2.216 1 1 0
2.2196 1 1 0
2.22081 1 1 0
2.222 1 1 0
2.226 1 1 0
2.2296 1 1 0
2.23081 1 1 0
2.232 1 1 0
2.236 1 1 0
2.2396 1 1 0
2.24081 1 1 0
2.242 1 1 0
2.246 1 1 0
2.2496 1 1 0
2.25081 1 1 0
2.252 1 1 0
2.256 1 1 0
2.2596 1 1 0
2.26081 1 1 0
2.262 1 1 0
2.266 1 1 0
2.2696 1 1 0
2.27081 1 1 0
2.272 1 1 0
2.276 1 1 0
2.2796 1 1 0
2.28081 1 1 0
2.282 1 1 0
2.286 1 1 0
2.2896 1 1 0
2.29081 1 1 0
2.292 1 1 0
2.296 1 1 0
2.2996 1 1 0
2.30081 1 1 0
2.302 1 1 0
2.306 1 1 0
2.3096 1 1 0
2.31081 1 1 0
2.312 1 1 0
2.316 1 1 0
2.3196 1 1 0
2.32081 1 1 0
2.322 1 1 0
2.326 1 1 0
2.3296 1 1 0
2.33081 1 1 0
2.332 1 1 0
2.336 1 1 0
2.3396 1 1 0
2.34081 1 1 0
2.342 1 1 0
2.346 1 1 0
2.3496 1 1 0
2.35081 1 1 0
2.352 1 1 0
2.356 1 1 0
2.3596 1 1 0
2.36081 1 1 0
2.362 1 1 0
2.366 1 1 0
2.3696 1 1 0
2.37081 1 1 0
2.372 1 1 0
2.376 1 1 0
2.3796 1 1 0
2.38081 1 1 0
2.382 1 1 0
2.386 1 1 0
2.3896 1 1 0
2.39081 1 1 0
2.392 1 1 0
2.396 1 1 0
2.3996 1 1 0
2.40081 1 1 0
2.402 1 1 0
2.406 1 1 0
2.4096 1 1 0
2.41081 1 1 0
2.412 1 1 0
2.416 1 1 0
2.4196 1 1 0
2.42081 1 1 0
2.422 1 1 0
2.426 1 1 0
2.4296 1 1 0
2.43081 1 1 0
2.432 1 1 0
2.436 1 1 0
2.4396 1 1 0
2.44081 1 1 0
2.442 1 1 0
2.446 1 1 0
2.4496 1 1 0
2.45081 1 1 0
2.452 1 1 0
2.456 1 1 0
2.4596 1 1 0
2.46081 1 1 0
2.462 1 1 0
2.466 1 1 0
2.4696 1 1 0
2.47081 1 1 0
2.472 1 1 0
2.476 1 1 0
2.4796 1 1 0
2.48081 1 1 0
2.482 1 1 0
2.486 1 1 0
2.4896 1 1 0
2.49081 1 1 0
2.492 1 1 0
2.496 1 1 0
2.4996 1 1 0
2.50081 1 1 0
2.502 1 1 0
2.506 1 1 0
2.5096 1 1 0
2.51081 1 1 0
2.512 1 1 0
2.516 1 1 0
2.5196 1 1 0
2.52081 1 1 0
2.522 1 1 0
2.526 1 1 0
2.5296 1 1 0
2.53081 1 1 0
2.532 1 1 0
2.536 1 1 0
2.5396 1 1 0
2.54081 1 1 0
2.542 1 1 0
2.546 1 1 0
2.5496 1 1 0
2.55081 1 1 0
2.552 1 1 0
2.556 1 1 0
2.5596 1 1 0
2.56081 1 1 0
2.562 1 1 0
2.566 1 1 0
2.5696 1 1 0
2.57081 1 1 0
2.572 1 1 0
2.576 1 1 0
2.5796 1 1 0
2.58081 1 1 0
2.582 1 1 0
2.586 1 1 0
2.5896 1 1 0
2.59081 1 1 0
2.592 1 1 0
2.596 1 1 0
2.5996 1 1 0
2.60081 1 1 0
2.602 1 1 0
2.606 1 1 0
2.6096 1 1 0
2.61081 1 1 0
2.612 1 1 0
2.616 1 1 0
2.6196 1 1 0
2.62081 1 1 0
2.622 1 1 0
2.626 1 1 0
2.6296 1 1 0
2.63081 1 1 0
2.632 1 1 0
2.636 1 1 0
2.6396 1 1 0
2.64081 1 1 0
2.642 1 1 0
2.646 1 1 0
2.6496 1 1 0
2.65081 1 1 0
2.652 1 1 0
2.656 1 1 0
2.6596 1 1 0
2.66081 1 1 0
2.662 1 1 0
2.666 1 1 0
2.6696 1 1 0
2.67081 1 1 0
2.672 1 1 0
2.676 1 1 0
2.6796 1 1 0
2.68081 1 1 0
2.682 1 1 0
2.686 1 1 0
2.6896 1 1 0
2.69081 1 1 0
2.692 1 1 0
2.696 1 1 0
2.6996 1 1 0
2.70081 1 1 0
2.702 1 1 0
2.706 1 1 0
2.7096 1 1 0
2.71081 1 1 0
2.712 1 1 0
2.716 1 1 0
2.7196 1 1 0
2.72081 1 1 0
2.722 1 1 0
2.726 1 1 0
2.7296 1 1 0
2.73081 1 1 0
2.732 1 1 0
2.736 1 1 0
2.7396 1 1 0
2.74081 1 1 0
2.742 1 1 0
2.746 1 1 0
2.7496 1 1 0
2.75081 1 1 0
2.752 1 1 0
2.756 1 1 0
2.7596 1 1 0
2.76081 1 1 0
2.762 1 1 0
2.766 1 1 0
2.7696 1 1 0
2.77081 1 1 0
2.772 1 1 0
2.776 1 1 0
2.7796 1 1 0
2.78081 1 1 0
2.782 1 1 0
2.786 1 1 0
2.7896 1 1 0
2.79081 1 1 0
2.792 1 1 0
2.796 1 1 0
2.7996 1 1 0
2.80081 1 1 0
2.802 1 1 0
2.806 1 1 0
2.8096 1 1 0
2.81081 1 1 0
2.812 1 1 0
2.816 1 1 0
2.8196 1 1 0
2.82081 1 1 0
2.822 1 1 0
2.826 1 1 0
2.8296 1 1 0
2.83081 1 1 0
2.832 1 1 0
2.836 1 1 0
2.8396 1 1 0
2.84081 1 1 0
2.842 1 1 0
2.846 1 1 0
2.8496 1 1 0
2.85081 1 1 0
2.852 1 1 0
2.856 1 1 0
2.8596 1 1 0
2.86081 1 1 0
2.862 1 1 0
2.866 1 1 0
2.8696 1 1 0
2.87081 1 1 0
2.872 1 1 0
2.876 1 1 0
2.8796 1 1 0
2.88081 1 1 0
2.882 1 1 0
2.886 1 1 0
2.8896 1 1 0
2.89081 1 1 0
2.892 1 1 0
2.896 1 1 0
2.8996 1 1 0
2.90081 1 1 0
2.902 1 1 0
2.906 1 1 0
2.9096 1 1 0
2.91081 1 1 0
2.912 1 1 0
2.916 1 1 0
2.9196 1 1 0
2.92081 1 1 0
2.922 1 1 0
2.926 1 1 0
2.9296 1 1 0
2.93081 1 1 0
2.932 1 1 0
2.936 1 1 0
2.9396 1 1 0
2.94081 1 1 0
2.942 1 1 0
2.946 1 1 0
2.9496 1 1 0
2.95081 1 1 0
2.952 1 1 0
2.956 1 1 0
2.9596 1 1 0
2.96081 1 1 0
2.962 1 1 0
2.966 1 1 0
2.9696 1 1 0
2.97081 1 1 0
2.972 1 1 0
2.976 1 1 0
2.9796 1 1 0
2.98081 1 1 0
2.982 1 1 0
2.986 1 1 0
2.9896 1 1 0
2.99081 1 1 0
2.992 1 1 0
2.996 1 1 0
2.9996 1 1 0
3.00081 1 1 0
3.002 1 1 0
3.006 1 1 0
3.0096 1 1 0
3.01081 1 1 0
3.012 1 1 0
3.016 1 1 0
3.0196 1 1 0
3.02081 1 1 0
3.022 1 1 0
3.026 1 1 0
3.0296 1 1 0
3.03081 1 1 0
3.032 1 1 0
3.036 1 1 0
3.0396 1 1 0
